0 0
5e-06 0.00900795
1e-05 0.0180316
1.5e-05 0.0270706
2e-05 0.0361247
2.5e-05 0.0451936
3e-05 0.0542769
3.5e-05 0.0633743
4e-05 0.0724856
4.5e-05 0.0816105
5e-05 0.0907486
5.5e-05 0.0998996
6e-05 0.109063
6.5e-05 0.118239
7e-05 0.127427
7.5e-05 0.136627
8e-05 0.145838
8.5e-05 0.15506
9e-05 0.164294
9.5e-05 0.173537
0.0001 0.182791
0.000105 0.192055
0.00011 0.201329
0.000115 0.210611
0.00012 0.219903
0.000125 0.229204
0.00013 0.238513
0.000135 0.247831
0.00014 0.257156
0.000145 0.266489
0.00015 0.275829
0.000155 0.285176
0.00016 0.29453
0.000165 0.303891
0.00017 0.313257
0.000175 0.32263
0.00018 0.332008
0.000185 0.341392
0.00019 0.35078
0.000195 0.360174
0.0002 0.369572
0.000205 0.378974
0.00021 0.38838
0.000215 0.39779
0.00022 0.407203
0.000225 0.416619
0.00023 0.426038
0.000235 0.43546
0.00024 0.444884
0.000245 0.45431
0.00025 0.463738
0.000255 0.473167
0.00026 0.482597
0.000265 0.492029
0.00027 0.501461
0.000275 0.510894
0.00028 0.520327
0.000285 0.529759
0.00029 0.539192
0.000295 0.548624
0.0003 0.558055
0.000305 0.567484
0.00031 0.576913
0.000315 0.58634
0.00032 0.595764
0.000325 0.605187
0.00033 0.614608
0.000335 0.624025
0.00034 0.63344
0.000345 0.642852
0.00035 0.65226
0.000355 0.661664
0.00036 0.671065
0.000365 0.680462
0.00037 0.689854
0.000375 0.699241
0.00038 0.708624
0.000385 0.718001
0.00039 0.727374
0.000395 0.73674
0.0004 0.746101
0.000405 0.755456
0.00041 0.764804
0.000415 0.774146
0.00042 0.783481
0.000425 0.792809
0.00043 0.80213
0.000435 0.811443
0.00044 0.820748
0.000445 0.830046
0.00045 0.839336
0.000455 0.848617
0.00046 0.857889
0.000465 0.867153
0.00047 0.876407
0.000475 0.885653
0.00048 0.894888
0.000485 0.904114
0.00049 0.913331
0.000495 0.922537
0.0005 0.931732
0.000505 0.940917
0.00051 0.950091
0.000515 0.959254
0.00052 0.968406
0.000525 0.977547
0.00053 0.986675
0.000535 0.995792
0.00054 1.0049
0.000545 1.01399
0.00055 1.02307
0.000555 1.03214
0.00056 1.04119
0.000565 1.05023
0.00057 1.05926
0.000575 1.06828
0.00058 1.07728
0.000585 1.08626
0.00059 1.09524
0.000595 1.10419
0.0006 1.11314
0.000605 1.12207
0.00061 1.13098
0.000615 1.13988
0.00062 1.14877
0.000625 1.15764
0.00063 1.16649
0.000635 1.17533
0.00064 1.18415
0.000645 1.19295
0.00065 1.20174
0.000655 1.21051
0.00066 1.21927
0.000665 1.22801
0.00067 1.23673
0.000675 1.24543
0.00068 1.25412
0.000685 1.26279
0.00069 1.27144
0.000695 1.28007
0.0007 1.28869
0.000705 1.29729
0.00071 1.30587
0.000715 1.31443
0.00072 1.32297
0.000725 1.33149
0.00073 1.33999
0.000735 1.34847
0.00074 1.35694
0.000745 1.36538
0.00075 1.37381
0.000755 1.38221
0.00076 1.3906
0.000765 1.39896
0.00077 1.40731
0.000775 1.41563
0.00078 1.42393
0.000785 1.43221
0.00079 1.44048
0.000795 1.44871
0.0008 1.45693
0.000805 1.46513
0.00081 1.47331
0.000815 1.48146
0.00082 1.48959
0.000825 1.4977
0.00083 1.50579
0.000835 1.51385
0.00084 1.52189
0.000845 1.52991
0.00085 1.53791
0.000855 1.54589
0.00086 1.55384
0.000865 1.56176
0.00087 1.56967
0.000875 1.57755
0.00088 1.58541
0.000885 1.59324
0.00089 1.60105
0.000895 1.60884
0.0009 1.6166
0.000905 1.62434
0.00091 1.63205
0.000915 1.63974
0.00092 1.64741
0.000925 1.65505
0.00093 1.66266
0.000935 1.67025
0.00094 1.67782
0.000945 1.68536
0.00095 1.69287
0.000955 1.70036
0.00096 1.70783
0.000965 1.71527
0.00097 1.72268
0.000975 1.73007
0.00098 1.73743
0.000985 1.74476
0.00099 1.75207
0.000995 1.75936
0.001 1.76661
0.001005 1.77384
0.00101 1.78105
0.001015 1.78822
0.00102 1.79537
0.001025 1.8025
0.00103 1.80959
0.001035 1.81666
0.00104 1.8237
0.001045 1.83072
0.00105 1.83771
0.001055 1.84467
0.00106 1.8516
0.001065 1.85851
0.00107 1.86538
0.001075 1.87223
0.00108 1.87905
0.001085 1.88585
0.00109 1.89262
0.001095 1.89935
0.0011 1.90606
0.001105 1.91274
0.00111 1.9194
0.001115 1.92602
0.00112 1.93262
0.001125 1.93919
0.00113 1.94573
0.001135 1.95224
0.00114 1.95872
0.001145 1.96517
0.00115 1.9716
0.001155 1.97799
0.00116 1.98436
0.001165 1.99069
0.00117 1.997
0.001175 2.00328
0.00118 2.00953
0.001185 2.01575
0.00119 2.02194
0.001195 2.0281
0.0012 2.03423
0.001205 2.04033
0.00121 2.04641
0.001215 2.05245
0.00122 2.05846
0.001225 2.06444
0.00123 2.0704
0.001235 2.07632
0.00124 2.08221
0.001245 2.08807
0.00125 2.09391
0.001255 2.09971
0.00126 2.10548
0.001265 2.11122
0.00127 2.11694
0.001275 2.12262
0.00128 2.12827
0.001285 2.13389
0.00129 2.13948
0.001295 2.14504
0.0013 2.15057
0.001305 2.15607
0.00131 2.16153
0.001315 2.16697
0.00132 2.17238
0.001325 2.17775
0.00133 2.1831
0.001335 2.18841
0.00134 2.1937
0.001345 2.19895
0.00135 2.20417
0.001355 2.20936
0.00136 2.21452
0.001365 2.21965
0.00137 2.22475
0.001375 2.22982
0.00138 2.23485
0.001385 2.23986
0.00139 2.24483
0.001395 2.24978
0.0014 2.25469
0.001405 2.25957
0.00141 2.26442
0.001415 2.26924
0.00142 2.27402
0.001425 2.27878
0.00143 2.2835
0.001435 2.2882
0.00144 2.29286
0.001445 2.29749
0.00145 2.30209
0.001455 2.30666
0.00146 2.3112
0.001465 2.3157
0.00147 2.32018
0.001475 2.32462
0.00148 2.32903
0.001485 2.33341
0.00149 2.33776
0.001495 2.34208
0.0015 2.34637
0.001505 2.35062
0.00151 2.35485
0.001515 2.35904
0.00152 2.3632
0.001525 2.36733
0.00153 2.37143
0.001535 2.3755
0.00154 2.37954
0.001545 2.38354
0.00155 2.38751
0.001555 2.39146
0.00156 2.39537
0.001565 2.39925
0.00157 2.4031
0.001575 2.40691
0.00158 2.4107
0.001585 2.41445
0.00159 2.41818
0.001595 2.42187
0.0016 2.42553
0.001605 2.42916
0.00161 2.43276
0.001615 2.43633
0.00162 2.43987
0.001625 2.44337
0.00163 2.44685
0.001635 2.45029
0.00164 2.4537
0.001645 2.45708
0.00165 2.46044
0.001655 2.46376
0.00166 2.46704
0.001665 2.4703
0.00167 2.47353
0.001675 2.47673
0.00168 2.47989
0.001685 2.48302
0.00169 2.48613
0.001695 2.4892
0.0017 2.49224
0.001705 2.49526
0.00171 2.49824
0.001715 2.50119
0.00172 2.50411
0.001725 2.507
0.00173 2.50986
0.001735 2.51268
0.00174 2.51548
0.001745 2.51825
0.00175 2.52099
0.001755 2.52369
0.00176 2.52637
0.001765 2.52902
0.00177 2.53163
0.001775 2.53422
0.00178 2.53677
0.001785 2.5393
0.00179 2.54179
0.001795 2.54426
0.0018 2.5467
0.001805 2.5491
0.00181 2.55148
0.001815 2.55382
0.00182 2.55614
0.001825 2.55843
0.00183 2.56068
0.001835 2.56291
0.00184 2.56511
0.001845 2.56728
0.00185 2.56942
0.001855 2.57153
0.00186 2.57361
0.001865 2.57566
0.00187 2.57768
0.001875 2.57967
0.00188 2.58164
0.001885 2.58357
0.00189 2.58547
0.001895 2.58735
0.0019 2.5892
0.001905 2.59102
0.00191 2.59281
0.001915 2.59457
0.00192 2.5963
0.001925 2.598
0.00193 2.59968
0.001935 2.60132
0.00194 2.60294
0.001945 2.60453
0.00195 2.60609
0.001955 2.60763
0.00196 2.60913
0.001965 2.61061
0.00197 2.61206
0.001975 2.61348
0.00198 2.61487
0.001985 2.61624
0.00199 2.61757
0.001995 2.61888
0.002 2.62016
0.002005 2.62142
0.00201 2.62264
0.002015 2.62384
0.00202 2.62502
0.002025 2.62616
0.00203 2.62728
0.002035 2.62837
0.00204 2.62943
0.002045 2.63047
0.00205 2.63148
0.002055 2.63246
0.00206 2.63341
0.002065 2.63434
0.00207 2.63524
0.002075 2.63612
0.00208 2.63697
0.002085 2.63779
0.00209 2.63859
0.002095 2.63936
0.0021 2.6401
0.002105 2.64082
0.00211 2.64151
0.002115 2.64218
0.00212 2.64282
0.002125 2.64343
0.00213 2.64402
0.002135 2.64458
0.00214 2.64512
0.002145 2.64563
0.00215 2.64612
0.002155 2.64658
0.00216 2.64701
0.002165 2.64742
0.00217 2.64781
0.002175 2.64817
0.00218 2.64851
0.002185 2.64882
0.00219 2.6491
0.002195 2.64936
0.0022 2.6496
0.002205 2.64981
0.00221 2.65
0.002215 2.65016
0.00222 2.6503
0.002225 2.65042
0.00223 2.65051
0.002235 2.65058
0.00224 2.65062
0.002245 2.65064
0.00225 2.65064
0.002255 2.65061
0.00226 2.65056
0.002265 2.65049
0.00227 2.65039
0.002275 2.65027
0.00228 2.65012
0.002285 2.64996
0.00229 2.64977
0.002295 2.64955
0.0023 2.64932
0.002305 2.64906
0.00231 2.64878
0.002315 2.64848
0.00232 2.64815
0.002325 2.6478
0.00233 2.64743
0.002335 2.64704
0.00234 2.64662
0.002345 2.64619
0.00235 2.64573
0.002355 2.64525
0.00236 2.64475
0.002365 2.64422
0.00237 2.64368
0.002375 2.64311
0.00238 2.64253
0.002385 2.64192
0.00239 2.64129
0.002395 2.64064
0.0024 2.63997
0.002405 2.63928
0.00241 2.63856
0.002415 2.63783
0.00242 2.63708
0.002425 2.6363
0.00243 2.63551
0.002435 2.63469
0.00244 2.63386
0.002445 2.633
0.00245 2.63213
0.002455 2.63123
0.00246 2.63032
0.002465 2.62939
0.00247 2.62843
0.002475 2.62746
0.00248 2.62647
0.002485 2.62546
0.00249 2.62443
0.002495 2.62338
0.0025 2.62231
0.002505 2.62122
0.00251 2.62012
0.002515 2.61899
0.00252 2.61785
0.002525 2.61669
0.00253 2.61551
0.002535 2.61431
0.00254 2.6131
0.002545 2.61186
0.00255 2.61061
0.002555 2.60934
0.00256 2.60806
0.002565 2.60675
0.00257 2.60543
0.002575 2.60409
0.00258 2.60273
0.002585 2.60136
0.00259 2.59997
0.002595 2.59856
0.0026 2.59714
0.002605 2.5957
0.00261 2.59424
0.002615 2.59276
0.00262 2.59127
0.002625 2.58976
0.00263 2.58824
0.002635 2.5867
0.00264 2.58515
0.002645 2.58357
0.00265 2.58199
0.002655 2.58038
0.00266 2.57876
0.002665 2.57713
0.00267 2.57548
0.002675 2.57382
0.00268 2.57214
0.002685 2.57044
0.00269 2.56873
0.002695 2.567
0.0027 2.56526
0.002705 2.56351
0.00271 2.56174
0.002715 2.55996
0.00272 2.55816
0.002725 2.55635
0.00273 2.55452
0.002735 2.55268
0.00274 2.55083
0.002745 2.54896
0.00275 2.54707
0.002755 2.54518
0.00276 2.54327
0.002765 2.54135
0.00277 2.53941
0.002775 2.53746
0.00278 2.5355
0.002785 2.53352
0.00279 2.53154
0.002795 2.52953
0.0028 2.52752
0.002805 2.52549
0.00281 2.52346
0.002815 2.5214
0.00282 2.51934
0.002825 2.51726
0.00283 2.51518
0.002835 2.51308
0.00284 2.51097
0.002845 2.50884
0.00285 2.50671
0.002855 2.50456
0.00286 2.5024
0.002865 2.50023
0.00287 2.49805
0.002875 2.49586
0.00288 2.49366
0.002885 2.49144
0.00289 2.48922
0.002895 2.48698
0.0029 2.48474
0.002905 2.48248
0.00291 2.48021
0.002915 2.47793
0.00292 2.47565
0.002925 2.47335
0.00293 2.47104
0.002935 2.46872
0.00294 2.4664
0.002945 2.46406
0.00295 2.46171
0.002955 2.45935
0.00296 2.45699
0.002965 2.45461
0.00297 2.45223
0.002975 2.44984
0.00298 2.44743
0.002985 2.44502
0.00299 2.4426
0.002995 2.44017
0.003 2.43773
0.003005 2.43529
0.00301 2.43283
0.003015 2.43037
0.00302 2.4279
0.003025 2.42542
0.00303 2.42293
0.003035 2.42044
0.00304 2.41794
0.003045 2.41542
0.00305 2.41291
0.003055 2.41038
0.00306 2.40785
0.003065 2.40531
0.00307 2.40276
0.003075 2.4002
0.00308 2.39764
0.003085 2.39507
0.00309 2.3925
0.003095 2.38991
0.0031 2.38733
0.003105 2.38473
0.00311 2.38213
0.003115 2.37952
0.00312 2.3769
0.003125 2.37428
0.00313 2.37166
0.003135 2.36902
0.00314 2.36638
0.003145 2.36374
0.00315 2.36109
0.003155 2.35843
0.00316 2.35577
0.003165 2.35311
0.00317 2.35043
0.003175 2.34776
0.00318 2.34507
0.003185 2.34239
0.00319 2.33969
0.003195 2.337
0.0032 2.33429
0.003205 2.33159
0.00321 2.32888
0.003215 2.32616
0.00322 2.32344
0.003225 2.32072
0.00323 2.31799
0.003235 2.31526
0.00324 2.31252
0.003245 2.30978
0.00325 2.30703
0.003255 2.30429
0.00326 2.30154
0.003265 2.29878
0.00327 2.29602
0.003275 2.29326
0.00328 2.29049
0.003285 2.28773
0.00329 2.28495
0.003295 2.28218
0.0033 2.2794
0.003305 2.27662
0.00331 2.27384
0.003315 2.27105
0.00332 2.26826
0.003325 2.26547
0.00333 2.26268
0.003335 2.25988
0.00334 2.25708
0.003345 2.25428
0.00335 2.25148
0.003355 2.24868
0.00336 2.24587
0.003365 2.24306
0.00337 2.24025
0.003375 2.23744
0.00338 2.23463
0.003385 2.23182
0.00339 2.229
0.003395 2.22618
0.0034 2.22337
0.003405 2.22055
0.00341 2.21773
0.003415 2.21491
0.00342 2.21208
0.003425 2.20926
0.00343 2.20644
0.003435 2.20361
0.00344 2.20079
0.003445 2.19796
0.00345 2.19514
0.003455 2.19231
0.00346 2.18948
0.003465 2.18666
0.00347 2.18383
0.003475 2.181
0.00348 2.17818
0.003485 2.17535
0.00349 2.17252
0.003495 2.1697
0.0035 2.16687
0.003505 2.16405
0.00351 2.16122
0.003515 2.1584
0.00352 2.15558
0.003525 2.15275
0.00353 2.14993
0.003535 2.14711
0.00354 2.14429
0.003545 2.14147
0.00355 2.13865
0.003555 2.13584
0.00356 2.13302
0.003565 2.13021
0.00357 2.1274
0.003575 2.12459
0.00358 2.12178
0.003585 2.11897
0.00359 2.11616
0.003595 2.11336
0.0036 2.11056
0.003605 2.10776
0.00361 2.10496
0.003615 2.10216
0.00362 2.09937
0.003625 2.09658
0.00363 2.09379
0.003635 2.091
0.00364 2.08821
0.003645 2.08543
0.00365 2.08265
0.003655 2.07987
0.00366 2.0771
0.003665 2.07433
0.00367 2.07156
0.003675 2.06879
0.00368 2.06603
0.003685 2.06327
0.00369 2.06051
0.003695 2.05776
0.0037 2.05501
0.003705 2.05226
0.00371 2.04952
0.003715 2.04678
0.00372 2.04404
0.003725 2.04131
0.00373 2.03857
0.003735 2.03585
0.00374 2.03313
0.003745 2.03041
0.00375 2.02769
0.003755 2.02498
0.00376 2.02227
0.003765 2.01957
0.00377 2.01687
0.003775 2.01418
0.00378 2.01149
0.003785 2.0088
0.00379 2.00612
0.003795 2.00344
0.0038 2.00077
0.003805 1.9981
0.00381 1.99543
0.003815 1.99277
0.00382 1.99012
0.003825 1.98747
0.00383 1.98482
0.003835 1.98218
0.00384 1.97954
0.003845 1.97691
0.00385 1.97429
0.003855 1.97167
0.00386 1.96905
0.003865 1.96644
0.00387 1.96383
0.003875 1.96123
0.00388 1.95864
0.003885 1.95605
0.00389 1.95346
0.003895 1.95089
0.0039 1.94831
0.003905 1.94575
0.00391 1.94318
0.003915 1.94063
0.00392 1.93808
0.003925 1.93553
0.00393 1.93299
0.003935 1.93046
0.00394 1.92793
0.003945 1.92541
0.00395 1.92289
0.003955 1.92039
0.00396 1.91788
0.003965 1.91539
0.00397 1.91289
0.003975 1.91041
0.00398 1.90793
0.003985 1.90546
0.00399 1.90299
0.003995 1.90053
0.004 1.89808
0.004005 1.89564
0.00401 1.8932
0.004015 1.89076
0.00402 1.88834
0.004025 1.88592
0.00403 1.8835
0.004035 1.8811
0.00404 1.8787
0.004045 1.8763
0.00405 1.87392
0.004055 1.87154
0.00406 1.86917
0.004065 1.8668
0.00407 1.86444
0.004075 1.86209
0.00408 1.85975
0.004085 1.85741
0.00409 1.85508
0.004095 1.85276
0.0041 1.85045
0.004105 1.84814
0.00411 1.84584
0.004115 1.84355
0.00412 1.84126
0.004125 1.83898
0.00413 1.83671
0.004135 1.83445
0.00414 1.83219
0.004145 1.82995
0.00415 1.82771
0.004155 1.82547
0.00416 1.82325
0.004165 1.82103
0.00417 1.81882
0.004175 1.81662
0.00418 1.81443
0.004185 1.81224
0.00419 1.81006
0.004195 1.80789
0.0042 1.80573
0.004205 1.80357
0.00421 1.80143
0.004215 1.79929
0.00422 1.79716
0.004225 1.79504
0.00423 1.79292
0.004235 1.79082
0.00424 1.78872
0.004245 1.78663
0.00425 1.78455
0.004255 1.78248
0.00426 1.78041
0.004265 1.77835
0.00427 1.77631
0.004275 1.77427
0.00428 1.77224
0.004285 1.77021
0.00429 1.7682
0.004295 1.76619
0.0043 1.76419
0.004305 1.7622
0.00431 1.76022
0.004315 1.75825
0.00432 1.75629
0.004325 1.75433
0.00433 1.75239
0.004335 1.75045
0.00434 1.74852
0.004345 1.7466
0.00435 1.74469
0.004355 1.74279
0.00436 1.74089
0.004365 1.73901
0.00437 1.73713
0.004375 1.73526
0.00438 1.7334
0.004385 1.73155
0.00439 1.72971
0.004395 1.72788
0.0044 1.72605
0.004405 1.72424
0.00441 1.72243
0.004415 1.72064
0.00442 1.71885
0.004425 1.71707
0.00443 1.7153
0.004435 1.71354
0.00444 1.71179
0.004445 1.71004
0.00445 1.70831
0.004455 1.70659
0.00446 1.70487
0.004465 1.70316
0.00447 1.70147
0.004475 1.69978
0.00448 1.6981
0.004485 1.69643
0.00449 1.69477
0.004495 1.69311
0.0045 1.69147
0.004505 1.68984
0.00451 1.68821
0.004515 1.6866
0.00452 1.68499
0.004525 1.6834
0.00453 1.68181
0.004535 1.68023
0.00454 1.67866
0.004545 1.6771
0.00455 1.67555
0.004555 1.67401
0.00456 1.67248
0.004565 1.67095
0.00457 1.66944
0.004575 1.66794
0.00458 1.66644
0.004585 1.66496
0.00459 1.66348
0.004595 1.66201
0.0046 1.66056
0.004605 1.65911
0.00461 1.65767
0.004615 1.65624
0.00462 1.65482
0.004625 1.65341
0.00463 1.65201
0.004635 1.65062
0.00464 1.64923
0.004645 1.64786
0.00465 1.6465
0.004655 1.64514
0.00466 1.6438
0.004665 1.64246
0.00467 1.64113
0.004675 1.63982
0.00468 1.63851
0.004685 1.63721
0.00469 1.63592
0.004695 1.63464
0.0047 1.63337
0.004705 1.63211
0.00471 1.63086
0.004715 1.62962
0.00472 1.62839
0.004725 1.62716
0.00473 1.62595
0.004735 1.62474
0.00474 1.62355
0.004745 1.62236
0.00475 1.62119
0.004755 1.62002
0.00476 1.61886
0.004765 1.61771
0.00477 1.61658
0.004775 1.61545
0.00478 1.61433
0.004785 1.61321
0.00479 1.61211
0.004795 1.61102
0.0048 1.60994
0.004805 1.60887
0.00481 1.6078
0.004815 1.60675
0.00482 1.6057
0.004825 1.60466
0.00483 1.60364
0.004835 1.60262
0.00484 1.60161
0.004845 1.60061
0.00485 1.59962
0.004855 1.59864
0.00486 1.59767
0.004865 1.59671
0.00487 1.59576
0.004875 1.59481
0.00488 1.59388
0.004885 1.59295
0.00489 1.59204
0.004895 1.59113
0.0049 1.59023
0.004905 1.58934
0.00491 1.58847
0.004915 1.5876
0.00492 1.58673
0.004925 1.58588
0.00493 1.58504
0.004935 1.58421
0.00494 1.58338
0.004945 1.58257
0.00495 1.58176
0.004955 1.58096
0.00496 1.58018
0.004965 1.5794
0.00497 1.57863
0.004975 1.57787
0.00498 1.57711
0.004985 1.57637
0.00499 1.57564
0.004995 1.57491
0.005 1.5742
0.005005 1.57349
0.00501 1.57279
0.005015 1.5721
0.00502 1.57142
0.005025 1.57075
0.00503 1.57009
0.005035 1.56943
0.00504 1.56879
0.005045 1.56815
0.00505 1.56752
0.005055 1.56691
0.00506 1.5663
0.005065 1.56569
0.00507 1.5651
0.005075 1.56452
0.00508 1.56394
0.005085 1.56338
0.00509 1.56282
0.005095 1.56227
0.0051 1.56173
0.005105 1.5612
0.00511 1.56068
0.005115 1.56016
0.00512 1.55966
0.005125 1.55916
0.00513 1.55867
0.005135 1.55819
0.00514 1.55772
0.005145 1.55725
0.00515 1.5568
0.005155 1.55635
0.00516 1.55592
0.005165 1.55549
0.00517 1.55506
0.005175 1.55465
0.00518 1.55425
0.005185 1.55385
0.00519 1.55346
0.005195 1.55308
0.0052 1.55271
0.005205 1.55235
0.00521 1.55199
0.005215 1.55165
0.00522 1.55131
0.005225 1.55098
0.00523 1.55066
0.005235 1.55034
0.00524 1.55004
0.005245 1.54974
0.00525 1.54945
0.005255 1.54917
0.00526 1.54889
0.005265 1.54863
0.00527 1.54837
0.005275 1.54812
0.00528 1.54788
0.005285 1.54764
0.00529 1.54742
0.005295 1.5472
0.0053 1.54699
0.005305 1.54678
0.00531 1.54659
0.005315 1.5464
0.00532 1.54622
0.005325 1.54605
0.00533 1.54588
0.005335 1.54573
0.00534 1.54558
0.005345 1.54544
0.00535 1.5453
0.005355 1.54518
0.00536 1.54506
0.005365 1.54495
0.00537 1.54484
0.005375 1.54474
0.00538 1.54466
0.005385 1.54457
0.00539 1.5445
0.005395 1.54443
0.0054 1.54437
0.005405 1.54432
0.00541 1.54428
0.005415 1.54424
0.00542 1.54421
0.005425 1.54418
0.00543 1.54417
0.005435 1.54416
0.00544 1.54416
0.005445 1.54416
0.00545 1.54417
0.005455 1.54419
0.00546 1.54422
0.005465 1.54425
0.00547 1.54429
0.005475 1.54434
0.00548 1.54439
0.005485 1.54445
0.00549 1.54452
0.005495 1.54459
0.0055 1.54467
0.005505 1.54476
0.00551 1.54486
0.005515 1.54496
0.00552 1.54507
0.005525 1.54518
0.00553 1.5453
0.005535 1.54543
0.00554 1.54556
0.005545 1.54571
0.00555 1.54585
0.005555 1.54601
0.00556 1.54617
0.005565 1.54633
0.00557 1.54651
0.005575 1.54669
0.00558 1.54687
0.005585 1.54706
0.00559 1.54726
0.005595 1.54747
0.0056 1.54768
0.005605 1.54789
0.00561 1.54812
0.005615 1.54835
0.00562 1.54858
0.005625 1.54882
0.00563 1.54907
0.005635 1.54932
0.00564 1.54958
0.005645 1.54985
0.00565 1.55012
0.005655 1.5504
0.00566 1.55068
0.005665 1.55097
0.00567 1.55126
0.005675 1.55156
0.00568 1.55187
0.005685 1.55218
0.00569 1.5525
0.005695 1.55282
0.0057 1.55315
0.005705 1.55349
0.00571 1.55383
0.005715 1.55417
0.00572 1.55452
0.005725 1.55488
0.00573 1.55524
0.005735 1.55561
0.00574 1.55598
0.005745 1.55636
0.00575 1.55674
0.005755 1.55713
0.00576 1.55752
0.005765 1.55792
0.00577 1.55833
0.005775 1.55874
0.00578 1.55915
0.005785 1.55957
0.00579 1.55999
0.005795 1.56042
0.0058 1.56086
0.005805 1.5613
0.00581 1.56174
0.005815 1.56219
0.00582 1.56265
0.005825 1.56311
0.00583 1.56357
0.005835 1.56404
0.00584 1.56451
0.005845 1.56499
0.00585 1.56547
0.005855 1.56596
0.00586 1.56645
0.005865 1.56695
0.00587 1.56745
0.005875 1.56796
0.00588 1.56847
0.005885 1.56898
0.00589 1.5695
0.005895 1.57003
0.0059 1.57055
0.005905 1.57109
0.00591 1.57162
0.005915 1.57216
0.00592 1.57271
0.005925 1.57326
0.00593 1.57381
0.005935 1.57437
0.00594 1.57493
0.005945 1.5755
0.00595 1.57607
0.005955 1.57664
0.00596 1.57722
0.005965 1.5778
0.00597 1.57839
0.005975 1.57898
0.00598 1.57958
0.005985 1.58017
0.00599 1.58077
0.005995 1.58138
0.006 1.58199
0.006005 1.5826
0.00601 1.58322
0.006015 1.58384
0.00602 1.58446
0.006025 1.58509
0.00603 1.58572
0.006035 1.58636
0.00604 1.587
0.006045 1.58764
0.00605 1.58828
0.006055 1.58893
0.00606 1.58958
0.006065 1.59024
0.00607 1.5909
0.006075 1.59156
0.00608 1.59222
0.006085 1.59289
0.00609 1.59356
0.006095 1.59424
0.0061 1.59492
0.006105 1.5956
0.00611 1.59628
0.006115 1.59697
0.00612 1.59766
0.006125 1.59835
0.00613 1.59905
0.006135 1.59975
0.00614 1.60045
0.006145 1.60116
0.00615 1.60186
0.006155 1.60257
0.00616 1.60329
0.006165 1.604
0.00617 1.60472
0.006175 1.60544
0.00618 1.60617
0.006185 1.60689
0.00619 1.60762
0.006195 1.60835
0.0062 1.60909
0.006205 1.60983
0.00621 1.61057
0.006215 1.61131
0.00622 1.61205
0.006225 1.6128
0.00623 1.61355
0.006235 1.6143
0.00624 1.61505
0.006245 1.61581
0.00625 1.61657
0.006255 1.61733
0.00626 1.61809
0.006265 1.61885
0.00627 1.61962
0.006275 1.62039
0.00628 1.62116
0.006285 1.62193
0.00629 1.62271
0.006295 1.62349
0.0063 1.62426
0.006305 1.62504
0.00631 1.62583
0.006315 1.62661
0.00632 1.6274
0.006325 1.62819
0.00633 1.62898
0.006335 1.62977
0.00634 1.63056
0.006345 1.63136
0.00635 1.63215
0.006355 1.63295
0.00636 1.63375
0.006365 1.63455
0.00637 1.63536
0.006375 1.63616
0.00638 1.63697
0.006385 1.63778
0.00639 1.63858
0.006395 1.63939
0.0064 1.64021
0.006405 1.64102
0.00641 1.64183
0.006415 1.64265
0.00642 1.64347
0.006425 1.64429
0.00643 1.6451
0.006435 1.64593
0.00644 1.64675
0.006445 1.64757
0.00645 1.64839
0.006455 1.64922
0.00646 1.65005
0.006465 1.65087
0.00647 1.6517
0.006475 1.65253
0.00648 1.65336
0.006485 1.65419
0.00649 1.65502
0.006495 1.65586
0.0065 1.65669
0.006505 1.65752
0.00651 1.65836
0.006515 1.6592
0.00652 1.66003
0.006525 1.66087
0.00653 1.66171
0.006535 1.66255
0.00654 1.66339
0.006545 1.66423
0.00655 1.66507
0.006555 1.66591
0.00656 1.66675
0.006565 1.66759
0.00657 1.66844
0.006575 1.66928
0.00658 1.67012
0.006585 1.67097
0.00659 1.67181
0.006595 1.67265
0.0066 1.6735
0.006605 1.67435
0.00661 1.67519
0.006615 1.67604
0.00662 1.67688
0.006625 1.67773
0.00663 1.67858
0.006635 1.67942
0.00664 1.68027
0.006645 1.68112
0.00665 1.68196
0.006655 1.68281
0.00666 1.68366
0.006665 1.6845
0.00667 1.68535
0.006675 1.6862
0.00668 1.68704
0.006685 1.68789
0.00669 1.68874
0.006695 1.68959
0.0067 1.69043
0.006705 1.69128
0.00671 1.69212
0.006715 1.69297
0.00672 1.69382
0.006725 1.69466
0.00673 1.69551
0.006735 1.69635
0.00674 1.6972
0.006745 1.69804
0.00675 1.69888
0.006755 1.69973
0.00676 1.70057
0.006765 1.70141
0.00677 1.70225
0.006775 1.7031
0.00678 1.70394
0.006785 1.70478
0.00679 1.70562
0.006795 1.70646
0.0068 1.7073
0.006805 1.70813
0.00681 1.70897
0.006815 1.70981
0.00682 1.71064
0.006825 1.71148
0.00683 1.71232
0.006835 1.71315
0.00684 1.71398
0.006845 1.71482
0.00685 1.71565
0.006855 1.71648
0.00686 1.71731
0.006865 1.71814
0.00687 1.71897
0.006875 1.71979
0.00688 1.72062
0.006885 1.72145
0.00689 1.72227
0.006895 1.72309
0.0069 1.72392
0.006905 1.72474
0.00691 1.72556
0.006915 1.72638
0.00692 1.7272
0.006925 1.72802
0.00693 1.72883
0.006935 1.72965
0.00694 1.73046
0.006945 1.73127
0.00695 1.73209
0.006955 1.7329
0.00696 1.73371
0.006965 1.73451
0.00697 1.73532
0.006975 1.73613
0.00698 1.73693
0.006985 1.73773
0.00699 1.73854
0.006995 1.73934
0.007 1.74014
0.007005 1.74093
0.00701 1.74173
0.007015 1.74252
0.00702 1.74332
0.007025 1.74411
0.00703 1.7449
0.007035 1.74569
0.00704 1.74648
0.007045 1.74726
0.00705 1.74805
0.007055 1.74883
0.00706 1.74961
0.007065 1.75039
0.00707 1.75117
0.007075 1.75195
0.00708 1.75272
0.007085 1.7535
0.00709 1.75427
0.007095 1.75504
0.0071 1.75581
0.007105 1.75657
0.00711 1.75734
0.007115 1.7581
0.00712 1.75886
0.007125 1.75962
0.00713 1.76038
0.007135 1.76114
0.00714 1.76189
0.007145 1.76265
0.00715 1.7634
0.007155 1.76415
0.00716 1.76489
0.007165 1.76564
0.00717 1.76638
0.007175 1.76712
0.00718 1.76786
0.007185 1.7686
0.00719 1.76934
0.007195 1.77007
0.0072 1.7708
0.007205 1.77153
0.00721 1.77226
0.007215 1.77299
0.00722 1.77371
0.007225 1.77443
0.00723 1.77515
0.007235 1.77587
0.00724 1.77659
0.007245 1.7773
0.00725 1.77801
0.007255 1.77872
0.00726 1.77943
0.007265 1.78014
0.00727 1.78084
0.007275 1.78154
0.00728 1.78224
0.007285 1.78294
0.00729 1.78363
0.007295 1.78432
0.0073 1.78501
0.007305 1.7857
0.00731 1.78639
0.007315 1.78707
0.00732 1.78775
0.007325 1.78843
0.00733 1.78911
0.007335 1.78978
0.00734 1.79046
0.007345 1.79113
0.00735 1.79179
0.007355 1.79246
0.00736 1.79312
0.007365 1.79378
0.00737 1.79444
0.007375 1.7951
0.00738 1.79575
0.007385 1.7964
0.00739 1.79705
0.007395 1.7977
0.0074 1.79834
0.007405 1.79898
0.00741 1.79962
0.007415 1.80026
0.00742 1.8009
0.007425 1.80153
0.00743 1.80216
0.007435 1.80278
0.00744 1.80341
0.007445 1.80403
0.00745 1.80465
0.007455 1.80527
0.00746 1.80588
0.007465 1.8065
0.00747 1.80711
0.007475 1.80771
0.00748 1.80832
0.007485 1.80892
0.00749 1.80952
0.007495 1.81012
0.0075 1.81071
0.007505 1.8113
0.00751 1.81189
0.007515 1.81248
0.00752 1.81307
0.007525 1.81365
0.00753 1.81423
0.007535 1.8148
0.00754 1.81538
0.007545 1.81595
0.00755 1.81652
0.007555 1.81708
0.00756 1.81765
0.007565 1.81821
0.00757 1.81877
0.007575 1.81932
0.00758 1.81988
0.007585 1.82043
0.00759 1.82097
0.007595 1.82152
0.0076 1.82206
0.007605 1.8226
0.00761 1.82314
0.007615 1.82367
0.00762 1.8242
0.007625 1.82473
0.00763 1.82526
0.007635 1.82578
0.00764 1.8263
0.007645 1.82682
0.00765 1.82734
0.007655 1.82785
0.00766 1.82836
0.007665 1.82887
0.00767 1.82937
0.007675 1.82987
0.00768 1.83037
0.007685 1.83087
0.00769 1.83136
0.007695 1.83185
0.0077 1.83234
0.007705 1.83283
0.00771 1.83331
0.007715 1.83379
0.00772 1.83427
0.007725 1.83474
0.00773 1.83521
0.007735 1.83568
0.00774 1.83615
0.007745 1.83661
0.00775 1.83707
0.007755 1.83753
0.00776 1.83798
0.007765 1.83843
0.00777 1.83888
0.007775 1.83933
0.00778 1.83977
0.007785 1.84021
0.00779 1.84065
0.007795 1.84109
0.0078 1.84152
0.007805 1.84195
0.00781 1.84238
0.007815 1.8428
0.00782 1.84322
0.007825 1.84364
0.00783 1.84406
0.007835 1.84447
0.00784 1.84488
0.007845 1.84529
0.00785 1.84569
0.007855 1.84609
0.00786 1.84649
0.007865 1.84689
0.00787 1.84728
0.007875 1.84767
0.00788 1.84806
0.007885 1.84844
0.00789 1.84882
0.007895 1.8492
0.0079 1.84958
0.007905 1.84995
0.00791 1.85032
0.007915 1.85069
0.00792 1.85106
0.007925 1.85142
0.00793 1.85178
0.007935 1.85213
0.00794 1.85249
0.007945 1.85284
0.00795 1.85319
0.007955 1.85353
0.00796 1.85387
0.007965 1.85421
0.00797 1.85455
0.007975 1.85489
0.00798 1.85522
0.007985 1.85555
0.00799 1.85587
0.007995 1.85619
0.008 1.85651
0.008005 1.85683
0.00801 1.85715
0.008015 1.85746
0.00802 1.85777
0.008025 1.85807
0.00803 1.85838
0.008035 1.85868
0.00804 1.85898
0.008045 1.85927
0.00805 1.85956
0.008055 1.85985
0.00806 1.86014
0.008065 1.86042
0.00807 1.8607
0.008075 1.86098
0.00808 1.86126
0.008085 1.86153
0.00809 1.8618
0.008095 1.86207
0.0081 1.86233
0.008105 1.8626
0.00811 1.86285
0.008115 1.86311
0.00812 1.86337
0.008125 1.86362
0.00813 1.86386
0.008135 1.86411
0.00814 1.86435
0.008145 1.86459
0.00815 1.86483
0.008155 1.86507
0.00816 1.8653
0.008165 1.86553
0.00817 1.86575
0.008175 1.86598
0.00818 1.8662
0.008185 1.86642
0.00819 1.86663
0.008195 1.86685
0.0082 1.86706
0.008205 1.86726
0.00821 1.86747
0.008215 1.86767
0.00822 1.86787
0.008225 1.86807
0.00823 1.86826
0.008235 1.86845
0.00824 1.86864
0.008245 1.86883
0.00825 1.86901
0.008255 1.8692
0.00826 1.86937
0.008265 1.86955
0.00827 1.86972
0.008275 1.86989
0.00828 1.87006
0.008285 1.87023
0.00829 1.87039
0.008295 1.87055
0.0083 1.87071
0.008305 1.87087
0.00831 1.87102
0.008315 1.87117
0.00832 1.87132
0.008325 1.87146
0.00833 1.8716
0.008335 1.87174
0.00834 1.87188
0.008345 1.87202
0.00835 1.87215
0.008355 1.87228
0.00836 1.87241
0.008365 1.87253
0.00837 1.87265
0.008375 1.87277
0.00838 1.87289
0.008385 1.873
0.00839 1.87312
0.008395 1.87323
0.0084 1.87333
0.008405 1.87344
0.00841 1.87354
0.008415 1.87364
0.00842 1.87374
0.008425 1.87384
0.00843 1.87393
0.008435 1.87402
0.00844 1.87411
0.008445 1.87419
0.00845 1.87428
0.008455 1.87436
0.00846 1.87443
0.008465 1.87451
0.00847 1.87458
0.008475 1.87466
0.00848 1.87472
0.008485 1.87479
0.00849 1.87486
0.008495 1.87492
0.0085 1.87498
0.008505 1.87503
0.00851 1.87509
0.008515 1.87514
0.00852 1.87519
0.008525 1.87524
0.00853 1.87529
0.008535 1.87533
0.00854 1.87537
0.008545 1.87541
0.00855 1.87545
0.008555 1.87548
0.00856 1.87551
0.008565 1.87554
0.00857 1.87557
0.008575 1.8756
0.00858 1.87562
0.008585 1.87564
0.00859 1.87566
0.008595 1.87568
0.0086 1.87569
0.008605 1.8757
0.00861 1.87571
0.008615 1.87572
0.00862 1.87573
0.008625 1.87573
0.00863 1.87573
0.008635 1.87573
0.00864 1.87573
0.008645 1.87572
0.00865 1.87572
0.008655 1.87571
0.00866 1.8757
0.008665 1.87568
0.00867 1.87567
0.008675 1.87565
0.00868 1.87563
0.008685 1.87561
0.00869 1.87559
0.008695 1.87556
0.0087 1.87553
0.008705 1.87551
0.00871 1.87547
0.008715 1.87544
0.00872 1.87541
0.008725 1.87537
0.00873 1.87533
0.008735 1.87529
0.00874 1.87524
0.008745 1.8752
0.00875 1.87515
0.008755 1.8751
0.00876 1.87505
0.008765 1.875
0.00877 1.87494
0.008775 1.87489
0.00878 1.87483
0.008785 1.87477
0.00879 1.87471
0.008795 1.87464
0.0088 1.87458
0.008805 1.87451
0.00881 1.87444
0.008815 1.87437
0.00882 1.87429
0.008825 1.87422
0.00883 1.87414
0.008835 1.87406
0.00884 1.87398
0.008845 1.8739
0.00885 1.87382
0.008855 1.87373
0.00886 1.87364
0.008865 1.87355
0.00887 1.87346
0.008875 1.87337
0.00888 1.87328
0.008885 1.87318
0.00889 1.87308
0.008895 1.87298
0.0089 1.87288
0.008905 1.87278
0.00891 1.87267
0.008915 1.87257
0.00892 1.87246
0.008925 1.87235
0.00893 1.87224
0.008935 1.87213
0.00894 1.87201
0.008945 1.8719
0.00895 1.87178
0.008955 1.87166
0.00896 1.87154
0.008965 1.87142
0.00897 1.8713
0.008975 1.87117
0.00898 1.87104
0.008985 1.87092
0.00899 1.87079
0.008995 1.87066
0.009 1.87052
0.009005 1.87039
0.00901 1.87025
0.009015 1.87012
0.00902 1.86998
0.009025 1.86984
0.00903 1.8697
0.009035 1.86955
0.00904 1.86941
0.009045 1.86926
0.00905 1.86912
0.009055 1.86897
0.00906 1.86882
0.009065 1.86867
0.00907 1.86852
0.009075 1.86836
0.00908 1.86821
0.009085 1.86805
0.00909 1.86789
0.009095 1.86773
0.0091 1.86757
0.009105 1.86741
0.00911 1.86725
0.009115 1.86709
0.00912 1.86692
0.009125 1.86675
0.00913 1.86659
0.009135 1.86642
0.00914 1.86625
0.009145 1.86608
0.00915 1.8659
0.009155 1.86573
0.00916 1.86555
0.009165 1.86538
0.00917 1.8652
0.009175 1.86502
0.00918 1.86484
0.009185 1.86466
0.00919 1.86448
0.009195 1.86429
0.0092 1.86411
0.009205 1.86393
0.00921 1.86374
0.009215 1.86355
0.00922 1.86336
0.009225 1.86317
0.00923 1.86298
0.009235 1.86279
0.00924 1.8626
0.009245 1.8624
0.00925 1.86221
0.009255 1.86201
0.00926 1.86182
0.009265 1.86162
0.00927 1.86142
0.009275 1.86122
0.00928 1.86102
0.009285 1.86082
0.00929 1.86061
0.009295 1.86041
0.0093 1.86021
0.009305 1.86
0.00931 1.85979
0.009315 1.85959
0.00932 1.85938
0.009325 1.85917
0.00933 1.85896
0.009335 1.85875
0.00934 1.85854
0.009345 1.85832
0.00935 1.85811
0.009355 1.8579
0.00936 1.85768
0.009365 1.85747
0.00937 1.85725
0.009375 1.85703
0.00938 1.85681
0.009385 1.85659
0.00939 1.85637
0.009395 1.85615
0.0094 1.85593
0.009405 1.85571
0.00941 1.85549
0.009415 1.85526
0.00942 1.85504
0.009425 1.85482
0.00943 1.85459
0.009435 1.85436
0.00944 1.85414
0.009445 1.85391
0.00945 1.85368
0.009455 1.85345
0.00946 1.85322
0.009465 1.85299
0.00947 1.85276
0.009475 1.85253
0.00948 1.8523
0.009485 1.85207
0.00949 1.85183
0.009495 1.8516
0.0095 1.85136
0.009505 1.85113
0.00951 1.85089
0.009515 1.85066
0.00952 1.85042
0.009525 1.85019
0.00953 1.84995
0.009535 1.84971
0.00954 1.84947
0.009545 1.84923
0.00955 1.84899
0.009555 1.84875
0.00956 1.84851
0.009565 1.84827
0.00957 1.84803
0.009575 1.84779
0.00958 1.84755
0.009585 1.8473
0.00959 1.84706
0.009595 1.84682
0.0096 1.84657
0.009605 1.84633
0.00961 1.84608
0.009615 1.84584
0.00962 1.84559
0.009625 1.84535
0.00963 1.8451
0.009635 1.84485
0.00964 1.84461
0.009645 1.84436
0.00965 1.84411
0.009655 1.84387
0.00966 1.84362
0.009665 1.84337
0.00967 1.84312
0.009675 1.84287
0.00968 1.84262
0.009685 1.84237
0.00969 1.84212
0.009695 1.84187
0.0097 1.84162
0.009705 1.84137
0.00971 1.84112
0.009715 1.84087
0.00972 1.84062
0.009725 1.84037
0.00973 1.84012
0.009735 1.83987
0.00974 1.83961
0.009745 1.83936
0.00975 1.83911
0.009755 1.83886
0.00976 1.83861
0.009765 1.83835
0.00977 1.8381
0.009775 1.83785
0.00978 1.83759
0.009785 1.83734
0.00979 1.83709
0.009795 1.83683
0.0098 1.83658
0.009805 1.83633
0.00981 1.83607
0.009815 1.83582
0.00982 1.83557
0.009825 1.83531
0.00983 1.83506
0.009835 1.83481
0.00984 1.83455
0.009845 1.8343
0.00985 1.83404
0.009855 1.83379
0.00986 1.83354
0.009865 1.83328
0.00987 1.83303
0.009875 1.83278
0.00988 1.83252
0.009885 1.83227
0.00989 1.83201
0.009895 1.83176
0.0099 1.83151
0.009905 1.83125
0.00991 1.831
0.009915 1.83075
0.00992 1.83049
0.009925 1.83024
0.00993 1.82999
0.009935 1.82973
0.00994 1.82948
0.009945 1.82923
0.00995 1.82898
0.009955 1.82872
0.00996 1.82847
0.009965 1.82822
0.00997 1.82797
0.009975 1.82771
0.00998 1.82746
0.009985 1.82721
0.00999 1.82696
0.009995 1.82671
0.01 1.82646
0.010005 1.82621
0.01001 1.82596
0.010015 1.8257
0.01002 1.82545
0.010025 1.8252
0.01003 1.82495
0.010035 1.8247
0.01004 1.82446
0.010045 1.82421
0.01005 1.82396
0.010055 1.82371
0.01006 1.82346
0.010065 1.82321
0.01007 1.82296
0.010075 1.82272
0.01008 1.82247
0.010085 1.82222
0.01009 1.82198
0.010095 1.82173
0.0101 1.82148
0.010105 1.82124
0.01011 1.82099
0.010115 1.82075
0.01012 1.8205
0.010125 1.82026
0.01013 1.82001
0.010135 1.81977
0.01014 1.81953
0.010145 1.81928
0.01015 1.81904
0.010155 1.8188
0.01016 1.81856
0.010165 1.81831
0.01017 1.81807
0.010175 1.81783
0.01018 1.81759
0.010185 1.81735
0.01019 1.81711
0.010195 1.81687
0.0102 1.81663
0.010205 1.8164
0.01021 1.81616
0.010215 1.81592
0.01022 1.81568
0.010225 1.81545
0.01023 1.81521
0.010235 1.81498
0.01024 1.81474
0.010245 1.8145
0.01025 1.81427
0.010255 1.81404
0.01026 1.8138
0.010265 1.81357
0.01027 1.81334
0.010275 1.81311
0.01028 1.81287
0.010285 1.81264
0.01029 1.81241
0.010295 1.81218
0.0103 1.81195
0.010305 1.81172
0.01031 1.8115
0.010315 1.81127
0.01032 1.81104
0.010325 1.81081
0.01033 1.81059
0.010335 1.81036
0.01034 1.81014
0.010345 1.80991
0.01035 1.80969
0.010355 1.80946
0.01036 1.80924
0.010365 1.80902
0.01037 1.8088
0.010375 1.80857
0.01038 1.80835
0.010385 1.80813
0.01039 1.80791
0.010395 1.80769
0.0104 1.80748
0.010405 1.80726
0.01041 1.80704
0.010415 1.80682
0.01042 1.80661
0.010425 1.80639
0.01043 1.80618
0.010435 1.80596
0.01044 1.80575
0.010445 1.80554
0.01045 1.80533
0.010455 1.80511
0.01046 1.8049
0.010465 1.80469
0.01047 1.80448
0.010475 1.80427
0.01048 1.80406
0.010485 1.80386
0.01049 1.80365
0.010495 1.80344
0.0105 1.80324
0.010505 1.80303
0.01051 1.80283
0.010515 1.80262
0.01052 1.80242
0.010525 1.80222
0.01053 1.80202
0.010535 1.80182
0.01054 1.80161
0.010545 1.80141
0.01055 1.80122
0.010555 1.80102
0.01056 1.80082
0.010565 1.80062
0.01057 1.80043
0.010575 1.80023
0.01058 1.80004
0.010585 1.79984
0.01059 1.79965
0.010595 1.79946
0.0106 1.79926
0.010605 1.79907
0.01061 1.79888
0.010615 1.79869
0.01062 1.7985
0.010625 1.79832
0.01063 1.79813
0.010635 1.79794
0.01064 1.79775
0.010645 1.79757
0.01065 1.79738
0.010655 1.7972
0.01066 1.79702
0.010665 1.79684
0.01067 1.79665
0.010675 1.79647
0.01068 1.79629
0.010685 1.79611
0.01069 1.79594
0.010695 1.79576
0.0107 1.79558
0.010705 1.7954
0.01071 1.79523
0.010715 1.79505
0.01072 1.79488
0.010725 1.79471
0.01073 1.79453
0.010735 1.79436
0.01074 1.79419
0.010745 1.79402
0.01075 1.79385
0.010755 1.79368
0.01076 1.79352
0.010765 1.79335
0.01077 1.79318
0.010775 1.79302
0.01078 1.79285
0.010785 1.79269
0.01079 1.79253
0.010795 1.79237
0.0108 1.7922
0.010805 1.79204
0.01081 1.79188
0.010815 1.79172
0.01082 1.79157
0.010825 1.79141
0.01083 1.79125
0.010835 1.7911
0.01084 1.79094
0.010845 1.79079
0.01085 1.79064
0.010855 1.79048
0.01086 1.79033
0.010865 1.79018
0.01087 1.79003
0.010875 1.78988
0.01088 1.78973
0.010885 1.78959
0.01089 1.78944
0.010895 1.78929
0.0109 1.78915
0.010905 1.789
0.01091 1.78886
0.010915 1.78872
0.01092 1.78858
0.010925 1.78844
0.01093 1.7883
0.010935 1.78816
0.01094 1.78802
0.010945 1.78788
0.01095 1.78774
0.010955 1.78761
0.01096 1.78747
0.010965 1.78734
0.01097 1.78721
0.010975 1.78707
0.01098 1.78694
0.010985 1.78681
0.01099 1.78668
0.010995 1.78655
0.011 1.78642
0.011005 1.7863
0.01101 1.78617
0.011015 1.78604
0.01102 1.78592
0.011025 1.7858
0.01103 1.78567
0.011035 1.78555
0.01104 1.78543
0.011045 1.78531
0.01105 1.78519
0.011055 1.78507
0.01106 1.78495
0.011065 1.78483
0.01107 1.78472
0.011075 1.7846
0.01108 1.78449
0.011085 1.78437
0.01109 1.78426
0.011095 1.78415
0.0111 1.78403
0.011105 1.78392
0.01111 1.78381
0.011115 1.78371
0.01112 1.7836
0.011125 1.78349
0.01113 1.78338
0.011135 1.78328
0.01114 1.78317
0.011145 1.78307
0.01115 1.78297
0.011155 1.78286
0.01116 1.78276
0.011165 1.78266
0.01117 1.78256
0.011175 1.78246
0.01118 1.78237
0.011185 1.78227
0.01119 1.78217
0.011195 1.78208
0.0112 1.78198
0.011205 1.78189
0.01121 1.7818
0.011215 1.7817
0.01122 1.78161
0.011225 1.78152
0.01123 1.78143
0.011235 1.78134
0.01124 1.78126
0.011245 1.78117
0.01125 1.78108
0.011255 1.781
0.01126 1.78091
0.011265 1.78083
0.01127 1.78074
0.011275 1.78066
0.01128 1.78058
0.011285 1.7805
0.01129 1.78042
0.011295 1.78034
0.0113 1.78026
0.011305 1.78019
0.01131 1.78011
0.011315 1.78003
0.01132 1.77996
0.011325 1.77989
0.01133 1.77981
0.011335 1.77974
0.01134 1.77967
0.011345 1.7796
0.01135 1.77953
0.011355 1.77946
0.01136 1.77939
0.011365 1.77932
0.01137 1.77926
0.011375 1.77919
0.01138 1.77913
0.011385 1.77906
0.01139 1.779
0.011395 1.77894
0.0114 1.77887
0.011405 1.77881
0.01141 1.77875
0.011415 1.77869
0.01142 1.77863
0.011425 1.77858
0.01143 1.77852
0.011435 1.77846
0.01144 1.77841
0.011445 1.77835
0.01145 1.7783
0.011455 1.77825
0.01146 1.77819
0.011465 1.77814
0.01147 1.77809
0.011475 1.77804
0.01148 1.77799
0.011485 1.77794
0.01149 1.7779
0.011495 1.77785
0.0115 1.7778
0.011505 1.77776
0.01151 1.77771
0.011515 1.77767
0.01152 1.77763
0.011525 1.77758
0.01153 1.77754
0.011535 1.7775
0.01154 1.77746
0.011545 1.77742
0.01155 1.77738
0.011555 1.77735
0.01156 1.77731
0.011565 1.77727
0.01157 1.77724
0.011575 1.7772
0.01158 1.77717
0.011585 1.77714
0.01159 1.7771
0.011595 1.77707
0.0116 1.77704
0.011605 1.77701
0.01161 1.77698
0.011615 1.77695
0.01162 1.77692
0.011625 1.7769
0.01163 1.77687
0.011635 1.77684
0.01164 1.77682
0.011645 1.77679
0.01165 1.77677
0.011655 1.77675
0.01166 1.77672
0.011665 1.7767
0.01167 1.77668
0.011675 1.77666
0.01168 1.77664
0.011685 1.77662
0.01169 1.7766
0.011695 1.77659
0.0117 1.77657
0.011705 1.77655
0.01171 1.77654
0.011715 1.77652
0.01172 1.77651
0.011725 1.7765
0.01173 1.77648
0.011735 1.77647
0.01174 1.77646
0.011745 1.77645
0.01175 1.77644
0.011755 1.77643
0.01176 1.77642
0.011765 1.77641
0.01177 1.77641
0.011775 1.7764
0.01178 1.77639
0.011785 1.77639
0.01179 1.77638
0.011795 1.77638
0.0118 1.77638
0.011805 1.77637
0.01181 1.77637
0.011815 1.77637
0.01182 1.77637
0.011825 1.77637
0.01183 1.77637
0.011835 1.77637
0.01184 1.77637
0.011845 1.77638
0.01185 1.77638
0.011855 1.77638
0.01186 1.77639
0.011865 1.77639
0.01187 1.7764
0.011875 1.7764
0.01188 1.77641
0.011885 1.77642
0.01189 1.77643
0.011895 1.77643
0.0119 1.77644
0.011905 1.77645
0.01191 1.77646
0.011915 1.77647
0.01192 1.77649
0.011925 1.7765
0.01193 1.77651
0.011935 1.77652
0.01194 1.77654
0.011945 1.77655
0.01195 1.77657
0.011955 1.77658
0.01196 1.7766
0.011965 1.77662
0.01197 1.77663
0.011975 1.77665
0.01198 1.77667
0.011985 1.77669
0.01199 1.77671
0.011995 1.77673
0.012 1.77675
0.012005 1.77677
0.01201 1.77679
0.012015 1.77681
0.01202 1.77684
0.012025 1.77686
0.01203 1.77688
0.012035 1.77691
0.01204 1.77693
0.012045 1.77696
0.01205 1.77698
0.012055 1.77701
0.01206 1.77704
0.012065 1.77706
0.01207 1.77709
0.012075 1.77712
0.01208 1.77715
0.012085 1.77718
0.01209 1.77721
0.012095 1.77724
0.0121 1.77727
0.012105 1.7773
0.01211 1.77734
0.012115 1.77737
0.01212 1.7774
0.012125 1.77743
0.01213 1.77747
0.012135 1.7775
0.01214 1.77754
0.012145 1.77757
0.01215 1.77761
0.012155 1.77765
0.01216 1.77768
0.012165 1.77772
0.01217 1.77776
0.012175 1.7778
0.01218 1.77783
0.012185 1.77787
0.01219 1.77791
0.012195 1.77795
0.0122 1.77799
0.012205 1.77803
0.01221 1.77808
0.012215 1.77812
0.01222 1.77816
0.012225 1.7782
0.01223 1.77824
0.012235 1.77829
0.01224 1.77833
0.012245 1.77838
0.01225 1.77842
0.012255 1.77847
0.01226 1.77851
0.012265 1.77856
0.01227 1.7786
0.012275 1.77865
0.01228 1.7787
0.012285 1.77874
0.01229 1.77879
0.012295 1.77884
0.0123 1.77889
0.012305 1.77894
0.01231 1.77899
0.012315 1.77904
0.01232 1.77909
0.012325 1.77914
0.01233 1.77919
0.012335 1.77924
0.01234 1.77929
0.012345 1.77934
0.01235 1.7794
0.012355 1.77945
0.01236 1.7795
0.012365 1.77956
0.01237 1.77961
0.012375 1.77966
0.01238 1.77972
0.012385 1.77977
0.01239 1.77983
0.012395 1.77988
0.0124 1.77994
0.012405 1.77999
0.01241 1.78005
0.012415 1.78011
0.01242 1.78016
0.012425 1.78022
0.01243 1.78028
0.012435 1.78034
0.01244 1.7804
0.012445 1.78045
0.01245 1.78051
0.012455 1.78057
0.01246 1.78063
0.012465 1.78069
0.01247 1.78075
0.012475 1.78081
0.01248 1.78087
0.012485 1.78093
0.01249 1.78099
0.012495 1.78106
0.0125 1.78112
0.012505 1.78118
0.01251 1.78124
0.012515 1.7813
0.01252 1.78137
0.012525 1.78143
0.01253 1.78149
0.012535 1.78156
0.01254 1.78162
0.012545 1.78169
0.01255 1.78175
0.012555 1.78181
0.01256 1.78188
0.012565 1.78194
0.01257 1.78201
0.012575 1.78207
0.01258 1.78214
0.012585 1.78221
0.01259 1.78227
0.012595 1.78234
0.0126 1.78241
0.012605 1.78247
0.01261 1.78254
0.012615 1.78261
0.01262 1.78267
0.012625 1.78274
0.01263 1.78281
0.012635 1.78288
0.01264 1.78295
0.012645 1.78301
0.01265 1.78308
0.012655 1.78315
0.01266 1.78322
0.012665 1.78329
0.01267 1.78336
0.012675 1.78343
0.01268 1.7835
0.012685 1.78357
0.01269 1.78364
0.012695 1.78371
0.0127 1.78378
0.012705 1.78385
0.01271 1.78392
0.012715 1.78399
0.01272 1.78406
0.012725 1.78414
0.01273 1.78421
0.012735 1.78428
0.01274 1.78435
0.012745 1.78442
0.01275 1.78449
0.012755 1.78457
0.01276 1.78464
0.012765 1.78471
0.01277 1.78478
0.012775 1.78486
0.01278 1.78493
0.012785 1.785
0.01279 1.78507
0.012795 1.78515
0.0128 1.78522
0.012805 1.78529
0.01281 1.78537
0.012815 1.78544
0.01282 1.78552
0.012825 1.78559
0.01283 1.78566
0.012835 1.78574
0.01284 1.78581
0.012845 1.78589
0.01285 1.78596
0.012855 1.78603
0.01286 1.78611
0.012865 1.78618
0.01287 1.78626
0.012875 1.78633
0.01288 1.78641
0.012885 1.78648
0.01289 1.78656
0.012895 1.78663
0.0129 1.78671
0.012905 1.78678
0.01291 1.78686
0.012915 1.78693
0.01292 1.78701
0.012925 1.78708
0.01293 1.78716
0.012935 1.78723
0.01294 1.78731
0.012945 1.78739
0.01295 1.78746
0.012955 1.78754
0.01296 1.78761
0.012965 1.78769
0.01297 1.78776
0.012975 1.78784
0.01298 1.78792
0.012985 1.78799
0.01299 1.78807
0.012995 1.78814
0.013 1.78822
0.013005 1.7883
0.01301 1.78837
0.013015 1.78845
0.01302 1.78852
0.013025 1.7886
0.01303 1.78868
0.013035 1.78875
0.01304 1.78883
0.013045 1.7889
0.01305 1.78898
0.013055 1.78906
0.01306 1.78913
0.013065 1.78921
0.01307 1.78928
0.013075 1.78936
0.01308 1.78944
0.013085 1.78951
0.01309 1.78959
0.013095 1.78966
0.0131 1.78974
0.013105 1.78982
0.01311 1.78989
0.013115 1.78997
0.01312 1.79004
0.013125 1.79012
0.01313 1.7902
0.013135 1.79027
0.01314 1.79035
0.013145 1.79042
0.01315 1.7905
0.013155 1.79057
0.01316 1.79065
0.013165 1.79072
0.01317 1.7908
0.013175 1.79088
0.01318 1.79095
0.013185 1.79103
0.01319 1.7911
0.013195 1.79118
0.0132 1.79125
0.013205 1.79133
0.01321 1.7914
0.013215 1.79148
0.01322 1.79155
0.013225 1.79163
0.01323 1.7917
0.013235 1.79178
0.01324 1.79185
0.013245 1.79193
0.01325 1.792
0.013255 1.79207
0.01326 1.79215
0.013265 1.79222
0.01327 1.7923
0.013275 1.79237
0.01328 1.79244
0.013285 1.79252
0.01329 1.79259
0.013295 1.79267
0.0133 1.79274
0.013305 1.79281
0.01331 1.79289
0.013315 1.79296
0.01332 1.79303
0.013325 1.79311
0.01333 1.79318
0.013335 1.79325
0.01334 1.79333
0.013345 1.7934
0.01335 1.79347
0.013355 1.79354
0.01336 1.79362
0.013365 1.79369
0.01337 1.79376
0.013375 1.79383
0.01338 1.7939
0.013385 1.79397
0.01339 1.79405
0.013395 1.79412
0.0134 1.79419
0.013405 1.79426
0.01341 1.79433
0.013415 1.7944
0.01342 1.79447
0.013425 1.79454
0.01343 1.79461
0.013435 1.79469
0.01344 1.79476
0.013445 1.79483
0.01345 1.7949
0.013455 1.79497
0.01346 1.79504
0.013465 1.79511
0.01347 1.79517
0.013475 1.79524
0.01348 1.79531
0.013485 1.79538
0.01349 1.79545
0.013495 1.79552
0.0135 1.79559
0.013505 1.79566
0.01351 1.79572
0.013515 1.79579
0.01352 1.79586
0.013525 1.79593
0.01353 1.796
0.013535 1.79606
0.01354 1.79613
0.013545 1.7962
0.01355 1.79626
0.013555 1.79633
0.01356 1.7964
0.013565 1.79646
0.01357 1.79653
0.013575 1.7966
0.01358 1.79666
0.013585 1.79673
0.01359 1.79679
0.013595 1.79686
0.0136 1.79692
0.013605 1.79699
0.01361 1.79705
0.013615 1.79712
0.01362 1.79718
0.013625 1.79725
0.01363 1.79731
0.013635 1.79738
0.01364 1.79744
0.013645 1.7975
0.01365 1.79757
0.013655 1.79763
0.01366 1.79769
0.013665 1.79776
0.01367 1.79782
0.013675 1.79788
0.01368 1.79794
0.013685 1.798
0.01369 1.79807
0.013695 1.79813
0.0137 1.79819
0.013705 1.79825
0.01371 1.79831
0.013715 1.79837
0.01372 1.79843
0.013725 1.79849
0.01373 1.79855
0.013735 1.79861
0.01374 1.79867
0.013745 1.79873
0.01375 1.79879
0.013755 1.79885
0.01376 1.79891
0.013765 1.79897
0.01377 1.79903
0.013775 1.79908
0.01378 1.79914
0.013785 1.7992
0.01379 1.79926
0.013795 1.79932
0.0138 1.79937
0.013805 1.79943
0.01381 1.79949
0.013815 1.79954
0.01382 1.7996
0.013825 1.79966
0.01383 1.79971
0.013835 1.79977
0.01384 1.79982
0.013845 1.79988
0.01385 1.79993
0.013855 1.79999
0.01386 1.80004
0.013865 1.8001
0.01387 1.80015
0.013875 1.8002
0.01388 1.80026
0.013885 1.80031
0.01389 1.80036
0.013895 1.80042
0.0139 1.80047
0.013905 1.80052
0.01391 1.80057
0.013915 1.80063
0.01392 1.80068
0.013925 1.80073
0.01393 1.80078
0.013935 1.80083
0.01394 1.80088
0.013945 1.80093
0.01395 1.80098
0.013955 1.80103
0.01396 1.80108
0.013965 1.80113
0.01397 1.80118
0.013975 1.80123
0.01398 1.80128
0.013985 1.80133
0.01399 1.80138
0.013995 1.80143
0.014 1.80147
0.014005 1.80152
0.01401 1.80157
0.014015 1.80162
0.01402 1.80166
0.014025 1.80171
0.01403 1.80176
0.014035 1.8018
0.01404 1.80185
0.014045 1.8019
0.01405 1.80194
0.014055 1.80199
0.01406 1.80203
0.014065 1.80208
0.01407 1.80212
0.014075 1.80216
0.01408 1.80221
0.014085 1.80225
0.01409 1.8023
0.014095 1.80234
0.0141 1.80238
0.014105 1.80243
0.01411 1.80247
0.014115 1.80251
0.01412 1.80255
0.014125 1.80259
0.01413 1.80264
0.014135 1.80268
0.01414 1.80272
0.014145 1.80276
0.01415 1.8028
0.014155 1.80284
0.01416 1.80288
0.014165 1.80292
0.01417 1.80296
0.014175 1.803
0.01418 1.80304
0.014185 1.80308
0.01419 1.80311
0.014195 1.80315
0.0142 1.80319
0.014205 1.80323
0.01421 1.80327
0.014215 1.8033
0.01422 1.80334
0.014225 1.80338
0.01423 1.80341
0.014235 1.80345
0.01424 1.80349
0.014245 1.80352
0.01425 1.80356
0.014255 1.80359
0.01426 1.80363
0.014265 1.80366
0.01427 1.8037
0.014275 1.80373
0.01428 1.80377
0.014285 1.8038
0.01429 1.80383
0.014295 1.80387
0.0143 1.8039
0.014305 1.80393
0.01431 1.80396
0.014315 1.804
0.01432 1.80403
0.014325 1.80406
0.01433 1.80409
0.014335 1.80412
0.01434 1.80415
0.014345 1.80419
0.01435 1.80422
0.014355 1.80425
0.01436 1.80428
0.014365 1.80431
0.01437 1.80434
0.014375 1.80436
0.01438 1.80439
0.014385 1.80442
0.01439 1.80445
0.014395 1.80448
0.0144 1.80451
0.014405 1.80453
0.01441 1.80456
0.014415 1.80459
0.01442 1.80462
0.014425 1.80464
0.01443 1.80467
0.014435 1.8047
0.01444 1.80472
0.014445 1.80475
0.01445 1.80477
0.014455 1.8048
0.01446 1.80482
0.014465 1.80485
0.01447 1.80487
0.014475 1.8049
0.01448 1.80492
0.014485 1.80494
0.01449 1.80497
0.014495 1.80499
0.0145 1.80501
0.014505 1.80504
0.01451 1.80506
0.014515 1.80508
0.01452 1.8051
0.014525 1.80513
0.01453 1.80515
0.014535 1.80517
0.01454 1.80519
0.014545 1.80521
0.01455 1.80523
0.014555 1.80525
0.01456 1.80527
0.014565 1.80529
0.01457 1.80531
0.014575 1.80533
0.01458 1.80535
0.014585 1.80537
0.01459 1.80539
0.014595 1.8054
0.0146 1.80542
0.014605 1.80544
0.01461 1.80546
0.014615 1.80548
0.01462 1.80549
0.014625 1.80551
0.01463 1.80553
0.014635 1.80554
0.01464 1.80556
0.014645 1.80558
0.01465 1.80559
0.014655 1.80561
0.01466 1.80562
0.014665 1.80564
0.01467 1.80565
0.014675 1.80567
0.01468 1.80568
0.014685 1.8057
0.01469 1.80571
0.014695 1.80572
0.0147 1.80574
0.014705 1.80575
0.01471 1.80576
0.014715 1.80578
0.01472 1.80579
0.014725 1.8058
0.01473 1.80581
0.014735 1.80582
0.01474 1.80584
0.014745 1.80585
0.01475 1.80586
0.014755 1.80587
0.01476 1.80588
0.014765 1.80589
0.01477 1.8059
0.014775 1.80591
0.01478 1.80592
0.014785 1.80593
0.01479 1.80594
0.014795 1.80595
0.0148 1.80596
0.014805 1.80597
0.01481 1.80598
0.014815 1.80598
0.01482 1.80599
0.014825 1.806
0.01483 1.80601
0.014835 1.80602
0.01484 1.80602
0.014845 1.80603
0.01485 1.80604
0.014855 1.80604
0.01486 1.80605
0.014865 1.80606
0.01487 1.80606
0.014875 1.80607
0.01488 1.80607
0.014885 1.80608
0.01489 1.80608
0.014895 1.80609
0.0149 1.80609
0.014905 1.8061
0.01491 1.8061
0.014915 1.80611
0.01492 1.80611
0.014925 1.80611
0.01493 1.80612
0.014935 1.80612
0.01494 1.80612
0.014945 1.80613
0.01495 1.80613
0.014955 1.80613
0.01496 1.80613
0.014965 1.80614
0.01497 1.80614
0.014975 1.80614
0.01498 1.80614
0.014985 1.80614
0.01499 1.80614
0.014995 1.80614
0.015 1.80614
0.015005 1.80614
0.01501 1.80615
0.015015 1.80615
0.01502 1.80615
0.015025 1.80614
0.01503 1.80614
0.015035 1.80614
0.01504 1.80614
0.015045 1.80614
0.01505 1.80614
0.015055 1.80614
0.01506 1.80614
0.015065 1.80614
0.01507 1.80613
0.015075 1.80613
0.01508 1.80613
0.015085 1.80613
0.01509 1.80612
0.015095 1.80612
0.0151 1.80612
0.015105 1.80612
0.01511 1.80611
0.015115 1.80611
0.01512 1.80611
0.015125 1.8061
0.01513 1.8061
0.015135 1.80609
0.01514 1.80609
0.015145 1.80608
0.01515 1.80608
0.015155 1.80607
0.01516 1.80607
0.015165 1.80606
0.01517 1.80606
0.015175 1.80605
0.01518 1.80605
0.015185 1.80604
0.01519 1.80603
0.015195 1.80603
0.0152 1.80602
0.015205 1.80602
0.01521 1.80601
0.015215 1.806
0.01522 1.80599
0.015225 1.80599
0.01523 1.80598
0.015235 1.80597
0.01524 1.80596
0.015245 1.80596
0.01525 1.80595
0.015255 1.80594
0.01526 1.80593
0.015265 1.80592
0.01527 1.80592
0.015275 1.80591
0.01528 1.8059
0.015285 1.80589
0.01529 1.80588
0.015295 1.80587
0.0153 1.80586
0.015305 1.80585
0.01531 1.80584
0.015315 1.80583
0.01532 1.80582
0.015325 1.80581
0.01533 1.8058
0.015335 1.80579
0.01534 1.80578
0.015345 1.80577
0.01535 1.80576
0.015355 1.80575
0.01536 1.80573
0.015365 1.80572
0.01537 1.80571
0.015375 1.8057
0.01538 1.80569
0.015385 1.80568
0.01539 1.80566
0.015395 1.80565
0.0154 1.80564
0.015405 1.80563
0.01541 1.80561
0.015415 1.8056
0.01542 1.80559
0.015425 1.80558
0.01543 1.80556
0.015435 1.80555
0.01544 1.80554
0.015445 1.80552
0.01545 1.80551
0.015455 1.8055
0.01546 1.80548
0.015465 1.80547
0.01547 1.80545
0.015475 1.80544
0.01548 1.80543
0.015485 1.80541
0.01549 1.8054
0.015495 1.80538
0.0155 1.80537
0.015505 1.80535
0.01551 1.80534
0.015515 1.80532
0.01552 1.80531
0.015525 1.80529
0.01553 1.80528
0.015535 1.80526
0.01554 1.80525
0.015545 1.80523
0.01555 1.80521
0.015555 1.8052
0.01556 1.80518
0.015565 1.80517
0.01557 1.80515
0.015575 1.80513
0.01558 1.80512
0.015585 1.8051
0.01559 1.80508
0.015595 1.80507
0.0156 1.80505
0.015605 1.80503
0.01561 1.80502
0.015615 1.805
0.01562 1.80498
0.015625 1.80496
0.01563 1.80495
0.015635 1.80493
0.01564 1.80491
0.015645 1.80489
0.01565 1.80488
0.015655 1.80486
0.01566 1.80484
0.015665 1.80482
0.01567 1.8048
0.015675 1.80479
0.01568 1.80477
0.015685 1.80475
0.01569 1.80473
0.015695 1.80471
0.0157 1.80469
0.015705 1.80468
0.01571 1.80466
0.015715 1.80464
0.01572 1.80462
0.015725 1.8046
0.01573 1.80458
0.015735 1.80456
0.01574 1.80454
0.015745 1.80452
0.01575 1.8045
0.015755 1.80448
0.01576 1.80446
0.015765 1.80444
0.01577 1.80443
0.015775 1.80441
0.01578 1.80439
0.015785 1.80437
0.01579 1.80435
0.015795 1.80433
0.0158 1.80431
0.015805 1.80429
0.01581 1.80427
0.015815 1.80424
0.01582 1.80422
0.015825 1.8042
0.01583 1.80418
0.015835 1.80416
0.01584 1.80414
0.015845 1.80412
0.01585 1.8041
0.015855 1.80408
0.01586 1.80406
0.015865 1.80404
0.01587 1.80402
0.015875 1.804
0.01588 1.80398
0.015885 1.80396
0.01589 1.80393
0.015895 1.80391
0.0159 1.80389
0.015905 1.80387
0.01591 1.80385
0.015915 1.80383
0.01592 1.80381
0.015925 1.80379
0.01593 1.80376
0.015935 1.80374
0.01594 1.80372
0.015945 1.8037
0.01595 1.80368
0.015955 1.80366
0.01596 1.80363
0.015965 1.80361
0.01597 1.80359
0.015975 1.80357
0.01598 1.80355
0.015985 1.80352
0.01599 1.8035
0.015995 1.80348
0.016 1.80346
0.016005 1.80344
0.01601 1.80341
0.016015 1.80339
0.01602 1.80337
0.016025 1.80335
0.01603 1.80333
0.016035 1.8033
0.01604 1.80328
0.016045 1.80326
0.01605 1.80324
0.016055 1.80321
0.01606 1.80319
0.016065 1.80317
0.01607 1.80315
0.016075 1.80313
0.01608 1.8031
0.016085 1.80308
0.01609 1.80306
0.016095 1.80304
0.0161 1.80301
0.016105 1.80299
0.01611 1.80297
0.016115 1.80295
0.01612 1.80292
0.016125 1.8029
0.01613 1.80288
0.016135 1.80285
0.01614 1.80283
0.016145 1.80281
0.01615 1.80279
0.016155 1.80276
0.01616 1.80274
0.016165 1.80272
0.01617 1.8027
0.016175 1.80267
0.01618 1.80265
0.016185 1.80263
0.01619 1.8026
0.016195 1.80258
0.0162 1.80256
0.016205 1.80254
0.01621 1.80251
0.016215 1.80249
0.01622 1.80247
0.016225 1.80245
0.01623 1.80242
0.016235 1.8024
0.01624 1.80238
0.016245 1.80235
0.01625 1.80233
0.016255 1.80231
0.01626 1.80229
0.016265 1.80226
0.01627 1.80224
0.016275 1.80222
0.01628 1.80219
0.016285 1.80217
0.01629 1.80215
0.016295 1.80213
0.0163 1.8021
0.016305 1.80208
0.01631 1.80206
0.016315 1.80204
0.01632 1.80201
0.016325 1.80199
0.01633 1.80197
0.016335 1.80194
0.01634 1.80192
0.016345 1.8019
0.01635 1.80188
0.016355 1.80185
0.01636 1.80183
0.016365 1.80181
0.01637 1.80179
0.016375 1.80176
0.01638 1.80174
0.016385 1.80172
0.01639 1.8017
0.016395 1.80167
0.0164 1.80165
0.016405 1.80163
0.01641 1.80161
0.016415 1.80158
0.01642 1.80156
0.016425 1.80154
0.01643 1.80152
0.016435 1.80149
0.01644 1.80147
0.016445 1.80145
0.01645 1.80143
0.016455 1.8014
0.01646 1.80138
0.016465 1.80136
0.01647 1.80134
0.016475 1.80132
0.01648 1.80129
0.016485 1.80127
0.01649 1.80125
0.016495 1.80123
0.0165 1.80121
0.016505 1.80118
0.01651 1.80116
0.016515 1.80114
0.01652 1.80112
0.016525 1.8011
0.01653 1.80107
0.016535 1.80105
0.01654 1.80103
0.016545 1.80101
0.01655 1.80099
0.016555 1.80097
0.01656 1.80094
0.016565 1.80092
0.01657 1.8009
0.016575 1.80088
0.01658 1.80086
0.016585 1.80084
0.01659 1.80082
0.016595 1.80079
0.0166 1.80077
0.016605 1.80075
0.01661 1.80073
0.016615 1.80071
0.01662 1.80069
0.016625 1.80067
0.01663 1.80065
0.016635 1.80062
0.01664 1.8006
0.016645 1.80058
0.01665 1.80056
0.016655 1.80054
0.01666 1.80052
0.016665 1.8005
0.01667 1.80048
0.016675 1.80046
0.01668 1.80044
0.016685 1.80042
0.01669 1.8004
0.016695 1.80038
0.0167 1.80035
0.016705 1.80033
0.01671 1.80031
0.016715 1.80029
0.01672 1.80027
0.016725 1.80025
0.01673 1.80023
0.016735 1.80021
0.01674 1.80019
0.016745 1.80017
0.01675 1.80015
0.016755 1.80013
0.01676 1.80011
0.016765 1.80009
0.01677 1.80007
0.016775 1.80005
0.01678 1.80003
0.016785 1.80001
0.01679 1.79999
0.016795 1.79998
0.0168 1.79996
0.016805 1.79994
0.01681 1.79992
0.016815 1.7999
0.01682 1.79988
0.016825 1.79986
0.01683 1.79984
0.016835 1.79982
0.01684 1.7998
0.016845 1.79978
0.01685 1.79976
0.016855 1.79975
0.01686 1.79973
0.016865 1.79971
0.01687 1.79969
0.016875 1.79967
0.01688 1.79965
0.016885 1.79963
0.01689 1.79962
0.016895 1.7996
0.0169 1.79958
0.016905 1.79956
0.01691 1.79954
0.016915 1.79952
0.01692 1.79951
0.016925 1.79949
0.01693 1.79947
0.016935 1.79945
0.01694 1.79943
0.016945 1.79942
0.01695 1.7994
0.016955 1.79938
0.01696 1.79936
0.016965 1.79935
0.01697 1.79933
0.016975 1.79931
0.01698 1.79929
0.016985 1.79928
0.01699 1.79926
0.016995 1.79924
0.017 1.79923
0.017005 1.79921
0.01701 1.79919
0.017015 1.79918
0.01702 1.79916
0.017025 1.79914
0.01703 1.79912
0.017035 1.79911
0.01704 1.79909
0.017045 1.79908
0.01705 1.79906
0.017055 1.79904
0.01706 1.79903
0.017065 1.79901
0.01707 1.79899
0.017075 1.79898
0.01708 1.79896
0.017085 1.79895
0.01709 1.79893
0.017095 1.79891
0.0171 1.7989
0.017105 1.79888
0.01711 1.79887
0.017115 1.79885
0.01712 1.79884
0.017125 1.79882
0.01713 1.79881
0.017135 1.79879
0.01714 1.79878
0.017145 1.79876
0.01715 1.79875
0.017155 1.79873
0.01716 1.79872
0.017165 1.7987
0.01717 1.79869
0.017175 1.79867
0.01718 1.79866
0.017185 1.79864
0.01719 1.79863
0.017195 1.79861
0.0172 1.7986
0.017205 1.79859
0.01721 1.79857
0.017215 1.79856
0.01722 1.79854
0.017225 1.79853
0.01723 1.79852
0.017235 1.7985
0.01724 1.79849
0.017245 1.79848
0.01725 1.79846
0.017255 1.79845
0.01726 1.79843
0.017265 1.79842
0.01727 1.79841
0.017275 1.7984
0.01728 1.79838
0.017285 1.79837
0.01729 1.79836
0.017295 1.79834
0.0173 1.79833
0.017305 1.79832
0.01731 1.79831
0.017315 1.79829
0.01732 1.79828
0.017325 1.79827
0.01733 1.79826
0.017335 1.79824
0.01734 1.79823
0.017345 1.79822
0.01735 1.79821
0.017355 1.79819
0.01736 1.79818
0.017365 1.79817
0.01737 1.79816
0.017375 1.79815
0.01738 1.79814
0.017385 1.79812
0.01739 1.79811
0.017395 1.7981
0.0174 1.79809
0.017405 1.79808
0.01741 1.79807
0.017415 1.79806
0.01742 1.79805
0.017425 1.79804
0.01743 1.79802
0.017435 1.79801
0.01744 1.798
0.017445 1.79799
0.01745 1.79798
0.017455 1.79797
0.01746 1.79796
0.017465 1.79795
0.01747 1.79794
0.017475 1.79793
0.01748 1.79792
0.017485 1.79791
0.01749 1.7979
0.017495 1.79789
0.0175 1.79788
0.017505 1.79787
0.01751 1.79786
0.017515 1.79785
0.01752 1.79784
0.017525 1.79783
0.01753 1.79782
0.017535 1.79781
0.01754 1.79781
0.017545 1.7978
0.01755 1.79779
0.017555 1.79778
0.01756 1.79777
0.017565 1.79776
0.01757 1.79775
0.017575 1.79774
0.01758 1.79773
0.017585 1.79773
0.01759 1.79772
0.017595 1.79771
0.0176 1.7977
0.017605 1.79769
0.01761 1.79768
0.017615 1.79768
0.01762 1.79767
0.017625 1.79766
0.01763 1.79765
0.017635 1.79765
0.01764 1.79764
0.017645 1.79763
0.01765 1.79762
0.017655 1.79761
0.01766 1.79761
0.017665 1.7976
0.01767 1.79759
0.017675 1.79759
0.01768 1.79758
0.017685 1.79757
0.01769 1.79756
0.017695 1.79756
0.0177 1.79755
0.017705 1.79754
0.01771 1.79754
0.017715 1.79753
0.01772 1.79752
0.017725 1.79752
0.01773 1.79751
0.017735 1.79751
0.01774 1.7975
0.017745 1.79749
0.01775 1.79749
0.017755 1.79748
0.01776 1.79748
0.017765 1.79747
0.01777 1.79746
0.017775 1.79746
0.01778 1.79745
0.017785 1.79745
0.01779 1.79744
0.017795 1.79744
0.0178 1.79743
0.017805 1.79743
0.01781 1.79742
0.017815 1.79742
0.01782 1.79741
0.017825 1.79741
0.01783 1.7974
0.017835 1.7974
0.01784 1.79739
0.017845 1.79739
0.01785 1.79738
0.017855 1.79738
0.01786 1.79737
0.017865 1.79737
0.01787 1.79736
0.017875 1.79736
0.01788 1.79736
0.017885 1.79735
0.01789 1.79735
0.017895 1.79734
0.0179 1.79734
0.017905 1.79734
0.01791 1.79733
0.017915 1.79733
0.01792 1.79732
0.017925 1.79732
0.01793 1.79732
0.017935 1.79731
0.01794 1.79731
0.017945 1.79731
0.01795 1.7973
0.017955 1.7973
0.01796 1.7973
0.017965 1.79729
0.01797 1.79729
0.017975 1.79729
0.01798 1.79729
0.017985 1.79728
0.01799 1.79728
0.017995 1.79728
0.018 1.79727
0.018005 1.79727
0.01801 1.79727
0.018015 1.79727
0.01802 1.79726
0.018025 1.79726
0.01803 1.79726
0.018035 1.79726
0.01804 1.79726
0.018045 1.79725
0.01805 1.79725
0.018055 1.79725
0.01806 1.79725
0.018065 1.79725
0.01807 1.79725
0.018075 1.79724
0.01808 1.79724
0.018085 1.79724
0.01809 1.79724
0.018095 1.79724
0.0181 1.79724
0.018105 1.79724
0.01811 1.79723
0.018115 1.79723
0.01812 1.79723
0.018125 1.79723
0.01813 1.79723
0.018135 1.79723
0.01814 1.79723
0.018145 1.79723
0.01815 1.79723
0.018155 1.79723
0.01816 1.79723
0.018165 1.79722
0.01817 1.79722
0.018175 1.79722
0.01818 1.79722
0.018185 1.79722
0.01819 1.79722
0.018195 1.79722
0.0182 1.79722
0.018205 1.79722
0.01821 1.79722
0.018215 1.79722
0.01822 1.79722
0.018225 1.79722
0.01823 1.79722
0.018235 1.79722
0.01824 1.79722
0.018245 1.79722
0.01825 1.79722
0.018255 1.79723
0.01826 1.79723
0.018265 1.79723
0.01827 1.79723
0.018275 1.79723
0.01828 1.79723
0.018285 1.79723
0.01829 1.79723
0.018295 1.79723
0.0183 1.79723
0.018305 1.79723
0.01831 1.79723
0.018315 1.79724
0.01832 1.79724
0.018325 1.79724
0.01833 1.79724
0.018335 1.79724
0.01834 1.79724
0.018345 1.79724
0.01835 1.79724
0.018355 1.79725
0.01836 1.79725
0.018365 1.79725
0.01837 1.79725
0.018375 1.79725
0.01838 1.79725
0.018385 1.79726
0.01839 1.79726
0.018395 1.79726
0.0184 1.79726
0.018405 1.79726
0.01841 1.79727
0.018415 1.79727
0.01842 1.79727
0.018425 1.79727
0.01843 1.79728
0.018435 1.79728
0.01844 1.79728
0.018445 1.79728
0.01845 1.79729
0.018455 1.79729
0.01846 1.79729
0.018465 1.79729
0.01847 1.7973
0.018475 1.7973
0.01848 1.7973
0.018485 1.7973
0.01849 1.79731
0.018495 1.79731
0.0185 1.79731
0.018505 1.79732
0.01851 1.79732
0.018515 1.79732
0.01852 1.79732
0.018525 1.79733
0.01853 1.79733
0.018535 1.79733
0.01854 1.79734
0.018545 1.79734
0.01855 1.79734
0.018555 1.79735
0.01856 1.79735
0.018565 1.79735
0.01857 1.79736
0.018575 1.79736
0.01858 1.79737
0.018585 1.79737
0.01859 1.79737
0.018595 1.79738
0.0186 1.79738
0.018605 1.79738
0.01861 1.79739
0.018615 1.79739
0.01862 1.7974
0.018625 1.7974
0.01863 1.7974
0.018635 1.79741
0.01864 1.79741
0.018645 1.79742
0.01865 1.79742
0.018655 1.79742
0.01866 1.79743
0.018665 1.79743
0.01867 1.79744
0.018675 1.79744
0.01868 1.79744
0.018685 1.79745
0.01869 1.79745
0.018695 1.79746
0.0187 1.79746
0.018705 1.79747
0.01871 1.79747
0.018715 1.79748
0.01872 1.79748
0.018725 1.79749
0.01873 1.79749
0.018735 1.79749
0.01874 1.7975
0.018745 1.7975
0.01875 1.79751
0.018755 1.79751
0.01876 1.79752
0.018765 1.79752
0.01877 1.79753
0.018775 1.79753
0.01878 1.79754
0.018785 1.79754
0.01879 1.79755
0.018795 1.79755
0.0188 1.79756
0.018805 1.79756
0.01881 1.79757
0.018815 1.79757
0.01882 1.79758
0.018825 1.79758
0.01883 1.79759
0.018835 1.7976
0.01884 1.7976
0.018845 1.79761
0.01885 1.79761
0.018855 1.79762
0.01886 1.79762
0.018865 1.79763
0.01887 1.79763
0.018875 1.79764
0.01888 1.79764
0.018885 1.79765
0.01889 1.79766
0.018895 1.79766
0.0189 1.79767
0.018905 1.79767
0.01891 1.79768
0.018915 1.79768
0.01892 1.79769
0.018925 1.79769
0.01893 1.7977
0.018935 1.79771
0.01894 1.79771
0.018945 1.79772
0.01895 1.79772
0.018955 1.79773
0.01896 1.79774
0.018965 1.79774
0.01897 1.79775
0.018975 1.79775
0.01898 1.79776
0.018985 1.79777
0.01899 1.79777
0.018995 1.79778
0.019 1.79778
0.019005 1.79779
0.01901 1.7978
0.019015 1.7978
0.01902 1.79781
0.019025 1.79781
0.01903 1.79782
0.019035 1.79783
0.01904 1.79783
0.019045 1.79784
0.01905 1.79784
0.019055 1.79785
0.01906 1.79786
0.019065 1.79786
0.01907 1.79787
0.019075 1.79788
0.01908 1.79788
0.019085 1.79789
0.01909 1.79789
0.019095 1.7979
0.0191 1.79791
0.019105 1.79791
0.01911 1.79792
0.019115 1.79793
0.01912 1.79793
0.019125 1.79794
0.01913 1.79795
0.019135 1.79795
0.01914 1.79796
0.019145 1.79797
0.01915 1.79797
0.019155 1.79798
0.01916 1.79799
0.019165 1.79799
0.01917 1.798
0.019175 1.798
0.01918 1.79801
0.019185 1.79802
0.01919 1.79802
0.019195 1.79803
0.0192 1.79804
0.019205 1.79804
0.01921 1.79805
0.019215 1.79806
0.01922 1.79806
0.019225 1.79807
0.01923 1.79808
0.019235 1.79808
0.01924 1.79809
0.019245 1.7981
0.01925 1.7981
0.019255 1.79811
0.01926 1.79812
0.019265 1.79812
0.01927 1.79813
0.019275 1.79814
0.01928 1.79814
0.019285 1.79815
0.01929 1.79816
0.019295 1.79816
0.0193 1.79817
0.019305 1.79818
0.01931 1.79819
0.019315 1.79819
0.01932 1.7982
0.019325 1.79821
0.01933 1.79821
0.019335 1.79822
0.01934 1.79823
0.019345 1.79823
0.01935 1.79824
0.019355 1.79825
0.01936 1.79825
0.019365 1.79826
0.01937 1.79827
0.019375 1.79827
0.01938 1.79828
0.019385 1.79829
0.01939 1.79829
0.019395 1.7983
0.0194 1.79831
0.019405 1.79831
0.01941 1.79832
0.019415 1.79833
0.01942 1.79834
0.019425 1.79834
0.01943 1.79835
0.019435 1.79836
0.01944 1.79836
0.019445 1.79837
0.01945 1.79838
0.019455 1.79838
0.01946 1.79839
0.019465 1.7984
0.01947 1.7984
0.019475 1.79841
0.01948 1.79842
0.019485 1.79842
0.01949 1.79843
0.019495 1.79844
0.0195 1.79844
0.019505 1.79845
0.01951 1.79846
0.019515 1.79846
0.01952 1.79847
0.019525 1.79848
0.01953 1.79849
0.019535 1.79849
0.01954 1.7985
0.019545 1.79851
0.01955 1.79851
0.019555 1.79852
0.01956 1.79853
0.019565 1.79853
0.01957 1.79854
0.019575 1.79855
0.01958 1.79855
0.019585 1.79856
0.01959 1.79857
0.019595 1.79857
0.0196 1.79858
0.019605 1.79859
0.01961 1.79859
0.019615 1.7986
0.01962 1.79861
0.019625 1.79861
0.01963 1.79862
0.019635 1.79863
0.01964 1.79863
0.019645 1.79864
0.01965 1.79865
0.019655 1.79865
0.01966 1.79866
0.019665 1.79867
0.01967 1.79867
0.019675 1.79868
0.01968 1.79869
0.019685 1.79869
0.01969 1.7987
0.019695 1.79871
0.0197 1.79871
0.019705 1.79872
0.01971 1.79873
0.019715 1.79873
0.01972 1.79874
0.019725 1.79875
0.01973 1.79875
0.019735 1.79876
0.01974 1.79877
0.019745 1.79877
0.01975 1.79878
0.019755 1.79878
0.01976 1.79879
0.019765 1.7988
0.01977 1.7988
0.019775 1.79881
0.01978 1.79882
0.019785 1.79882
0.01979 1.79883
0.019795 1.79884
0.0198 1.79884
0.019805 1.79885
0.01981 1.79886
0.019815 1.79886
0.01982 1.79887
0.019825 1.79887
0.01983 1.79888
0.019835 1.79889
0.01984 1.79889
0.019845 1.7989
0.01985 1.79891
0.019855 1.79891
0.01986 1.79892
0.019865 1.79892
0.01987 1.79893
0.019875 1.79894
0.01988 1.79894
0.019885 1.79895
0.01989 1.79896
0.019895 1.79896
0.0199 1.79897
0.019905 1.79897
0.01991 1.79898
0.019915 1.79899
0.01992 1.79899
0.019925 1.799
0.01993 1.799
0.019935 1.79901
0.01994 1.79902
0.019945 1.79902
0.01995 1.79903
0.019955 1.79903
0.01996 1.79904
0.019965 1.79905
0.01997 1.79905
0.019975 1.79906
0.01998 1.79906
0.019985 1.79907
0.01999 1.79907
0.019995 1.79908
0.02 1.79909
