0 0
5e-06 -0.248529
1e-05 -0.494118
1.5e-05 -0.736772
2e-05 -0.976495
2.5e-05 -1.21329
3e-05 -1.44717
3.5e-05 -1.67812
4e-05 -1.90617
4.5e-05 -2.1313
5e-05 -2.35353
5.5e-05 -2.57287
6e-05 -2.78931
6.5e-05 -3.00286
7e-05 -3.21352
7.5e-05 -3.42131
8e-05 -3.62622
8.5e-05 -3.82827
9e-05 -4.02745
9.5e-05 -4.22377
0.0001 -4.41724
0.000105 -4.60786
0.00011 -4.79564
0.000115 -4.98058
0.00012 -5.16269
0.000125 -5.34198
0.00013 -5.51845
0.000135 -5.6921
0.00014 -5.86294
0.000145 -6.03098
0.00015 -6.19623
0.000155 -6.35868
0.00016 -6.51835
0.000165 -6.67524
0.00017 -6.82936
0.000175 -6.98071
0.00018 -7.1293
0.000185 -7.27514
0.00019 -7.41823
0.000195 -7.55858
0.0002 -7.6962
0.000205 -7.83108
0.00021 -7.96325
0.000215 -8.0927
0.00022 -8.21944
0.000225 -8.34348
0.00023 -8.46483
0.000235 -8.58349
0.00024 -8.69946
0.000245 -8.81277
0.00025 -8.9234
0.000255 -9.03137
0.00026 -9.13669
0.000265 -9.23937
0.00027 -9.3394
0.000275 -9.43681
0.00028 -9.53159
0.000285 -9.62375
0.00029 -9.7133
0.000295 -9.80024
0.0003 -9.8846
0.000305 -9.96636
0.00031 -10.0455
0.000315 -10.1222
0.00032 -10.1962
0.000325 -10.2677
0.00033 -10.3366
0.000335 -10.403
0.00034 -10.4669
0.000345 -10.5282
0.00035 -10.587
0.000355 -10.6433
0.00036 -10.6971
0.000365 -10.7484
0.00037 -10.7972
0.000375 -10.8436
0.00038 -10.8874
0.000385 -10.9288
0.00039 -10.9678
0.000395 -11.0043
0.0004 -11.0383
0.000405 -11.07
0.00041 -11.0992
0.000415 -11.126
0.00042 -11.1504
0.000425 -11.1724
0.00043 -11.192
0.000435 -11.2092
0.00044 -11.224
0.000445 -11.2365
0.00045 -11.2466
0.000455 -11.2544
0.00046 -11.2599
0.000465 -11.263
0.00047 -11.2638
0.000475 -11.2623
0.00048 -11.2585
0.000485 -11.2524
0.00049 -11.244
0.000495 -11.2333
0.0005 -11.2203
0.000505 -11.2051
0.00051 -11.1877
0.000515 -11.168
0.00052 -11.1461
0.000525 -11.122
0.00053 -11.0956
0.000535 -11.067
0.00054 -11.0363
0.000545 -11.0033
0.00055 -10.9682
0.000555 -10.9309
0.00056 -10.8915
0.000565 -10.8499
0.00057 -10.8062
0.000575 -10.7603
0.00058 -10.7123
0.000585 -10.6622
0.00059 -10.61
0.000595 -10.5557
0.0006 -10.4993
0.000605 -10.4409
0.00061 -10.3803
0.000615 -10.3178
0.00062 -10.2531
0.000625 -10.1865
0.00063 -10.1178
0.000635 -10.0471
0.00064 -9.97437
0.000645 -9.89966
0.00065 -9.82296
0.000655 -9.74427
0.00066 -9.66362
0.000665 -9.58101
0.00067 -9.49645
0.000675 -9.40994
0.00068 -9.32151
0.000685 -9.23115
0.00069 -9.13888
0.000695 -9.04471
0.0007 -8.94865
0.000705 -8.85071
0.00071 -8.75089
0.000715 -8.64921
0.00072 -8.54568
0.000725 -8.4403
0.00073 -8.33309
0.000735 -8.22406
0.00074 -8.11322
0.000745 -8.00057
0.00075 -7.88612
0.000755 -7.7699
0.00076 -7.6519
0.000765 -7.53213
0.00077 -7.41062
0.000775 -7.28736
0.00078 -7.16236
0.000785 -7.03564
0.00079 -6.90721
0.000795 -6.77707
0.0008 -6.64524
0.000805 -6.51173
0.00081 -6.37654
0.000815 -6.23969
0.00082 -6.10118
0.000825 -5.96104
0.00083 -5.81925
0.000835 -5.67585
0.00084 -5.53083
0.000845 -5.38421
0.00085 -5.23599
0.000855 -5.0862
0.00086 -4.93483
0.000865 -4.78189
0.00087 -4.62741
0.000875 -4.47138
0.00088 -4.31382
0.000885 -4.15474
0.00089 -3.99414
0.000895 -3.83205
0.0009 -3.66846
0.000905 -3.50339
0.00091 -3.33685
0.000915 -3.16885
0.00092 -2.99939
0.000925 -2.8285
0.00093 -2.65618
0.000935 -2.48243
0.00094 -2.30727
0.000945 -2.13072
0.00095 -1.95277
0.000955 -1.77345
0.00096 -1.59275
0.000965 -1.4107
0.00097 -1.22729
0.000975 -1.04255
0.00098 -0.856475
0.000985 -0.669083
0.00099 -0.480383
0.000995 -0.290384
0.001 -0.099097
0.001005 0.0934684
0.00101 0.287302
0.001015 0.482393
0.00102 0.678733
0.001025 0.876309
0.00103 1.07511
0.001035 1.27514
0.00104 1.47636
0.001045 1.67879
0.00105 1.8824
0.001055 2.08719
0.00106 2.29315
0.001065 2.50026
0.00107 2.70852
0.001075 2.91792
0.00108 3.12844
0.001085 3.34008
0.00109 3.55282
0.001095 3.76667
0.0011 3.98159
0.001105 4.1976
0.00111 4.41467
0.001115 4.63279
0.00112 4.85196
0.001125 5.07217
0.00113 5.2934
0.001135 5.51565
0.00114 5.7389
0.001145 5.96316
0.00115 6.18839
0.001155 6.4146
0.00116 6.64178
0.001165 6.86992
0.00117 7.099
0.001175 7.32902
0.00118 7.55996
0.001185 7.79182
0.00119 8.02459
0.001195 8.25825
0.0012 8.4928
0.001205 8.72823
0.00121 8.96452
0.001215 9.20167
0.00122 9.43967
0.001225 9.67851
0.00123 9.91817
0.001235 10.1587
0.00124 10.3999
0.001245 10.642
0.00125 10.8849
0.001255 11.1286
0.00126 11.373
0.001265 11.6182
0.00127 11.8641
0.001275 12.1108
0.00128 12.3582
0.001285 12.6064
0.00129 12.8552
0.001295 13.1047
0.0013 13.355
0.001305 13.6059
0.00131 13.8575
0.001315 14.1098
0.00132 14.3627
0.001325 14.6162
0.00133 14.8704
0.001335 15.1253
0.00134 15.3807
0.001345 15.6367
0.00135 15.8934
0.001355 16.1506
0.00136 16.4084
0.001365 16.6668
0.00137 16.9257
0.001375 17.1852
0.00138 17.4453
0.001385 17.7058
0.00139 17.9669
0.001395 18.2285
0.0014 18.4906
0.001405 18.7533
0.00141 19.0163
0.001415 19.2799
0.00142 19.544
0.001425 19.8085
0.00143 20.0734
0.001435 20.3388
0.00144 20.6046
0.001445 20.8709
0.00145 21.1375
0.001455 21.4046
0.00146 21.6721
0.001465 21.9399
0.00147 22.2081
0.001475 22.4767
0.00148 22.7457
0.001485 23.015
0.00149 23.2847
0.001495 23.5547
0.0015 23.825
0.001505 24.0956
0.00151 24.3666
0.001515 24.6378
0.00152 24.9093
0.001525 25.1812
0.00153 25.4533
0.001535 25.7256
0.00154 25.9982
0.001545 26.2711
0.00155 26.5442
0.001555 26.8175
0.00156 27.0911
0.001565 27.3648
0.00157 27.6388
0.001575 27.913
0.00158 28.1874
0.001585 28.4619
0.00159 28.7366
0.001595 29.0115
0.0016 29.2865
0.001605 29.5617
0.00161 29.837
0.001615 30.1125
0.00162 30.3881
0.001625 30.6638
0.00163 30.9396
0.001635 31.2155
0.00164 31.4915
0.001645 31.7676
0.00165 32.0437
0.001655 32.3199
0.00166 32.5962
0.001665 32.8725
0.00167 33.1489
0.001675 33.4253
0.00168 33.7018
0.001685 33.9782
0.00169 34.2547
0.001695 34.5312
0.0017 34.8076
0.001705 35.0841
0.00171 35.3606
0.001715 35.637
0.00172 35.9134
0.001725 36.1897
0.00173 36.466
0.001735 36.7422
0.00174 37.0184
0.001745 37.2945
0.00175 37.5706
0.001755 37.8465
0.00176 38.1224
0.001765 38.3981
0.00177 38.6738
0.001775 38.9493
0.00178 39.2247
0.001785 39.5
0.00179 39.7751
0.001795 40.0501
0.0018 40.325
0.001805 40.5997
0.00181 40.8742
0.001815 41.1485
0.00182 41.4227
0.001825 41.6967
0.00183 41.9705
0.001835 42.2441
0.00184 42.5175
0.001845 42.7907
0.00185 43.0637
0.001855 43.3364
0.00186 43.6089
0.001865 43.8812
0.00187 44.1532
0.001875 44.425
0.00188 44.6965
0.001885 44.9677
0.00189 45.2387
0.001895 45.5094
0.0019 45.7798
0.001905 46.0499
0.00191 46.3197
0.001915 46.5892
0.00192 46.8584
0.001925 47.1273
0.00193 47.3959
0.001935 47.6641
0.00194 47.932
0.001945 48.1995
0.00195 48.4667
0.001955 48.7336
0.00196 49.0001
0.001965 49.2662
0.00197 49.5319
0.001975 49.7973
0.00198 50.0623
0.001985 50.3269
0.00199 50.5911
0.001995 50.8549
0.002 51.1183
0.002005 51.3813
0.00201 51.6438
0.002015 51.906
0.00202 52.1677
0.002025 52.429
0.00203 52.6898
0.002035 52.9502
0.00204 53.2101
0.002045 53.4696
0.00205 53.7286
0.002055 53.9871
0.00206 54.2452
0.002065 54.5028
0.00207 54.7599
0.002075 55.0165
0.00208 55.2726
0.002085 55.5282
0.00209 55.7833
0.002095 56.0379
0.0021 56.2919
0.002105 56.5455
0.00211 56.7985
0.002115 57.051
0.00212 57.303
0.002125 57.5544
0.00213 57.8053
0.002135 58.0556
0.00214 58.3053
0.002145 58.5545
0.00215 58.8032
0.002155 59.0512
0.00216 59.2987
0.002165 59.5456
0.00217 59.792
0.002175 60.0377
0.00218 60.2828
0.002185 60.5274
0.00219 60.7713
0.002195 61.0147
0.0022 61.2574
0.002205 61.4995
0.00221 61.741
0.002215 61.9818
0.00222 62.222
0.002225 62.4616
0.00223 62.7006
0.002235 62.9389
0.00224 63.1766
0.002245 63.4136
0.00225 63.6499
0.002255 63.8856
0.00226 64.1207
0.002265 64.355
0.00227 64.5887
0.002275 64.8218
0.00228 65.0541
0.002285 65.2858
0.00229 65.5168
0.002295 65.747
0.0023 65.9766
0.002305 66.2055
0.00231 66.4337
0.002315 66.6612
0.00232 66.888
0.002325 67.1141
0.00233 67.3394
0.002335 67.564
0.00234 67.7879
0.002345 68.0111
0.00235 68.2336
0.002355 68.4553
0.00236 68.6763
0.002365 68.8965
0.00237 69.116
0.002375 69.3348
0.00238 69.5528
0.002385 69.77
0.00239 69.9865
0.002395 70.2022
0.0024 70.4172
0.002405 70.6314
0.00241 70.8448
0.002415 71.0575
0.00242 71.2694
0.002425 71.4805
0.00243 71.6908
0.002435 71.9003
0.00244 72.1091
0.002445 72.3171
0.00245 72.5242
0.002455 72.7306
0.00246 72.9362
0.002465 73.141
0.00247 73.345
0.002475 73.5481
0.00248 73.7505
0.002485 73.952
0.00249 74.1528
0.002495 74.3527
0.0025 74.5518
0.002505 74.7501
0.00251 74.9476
0.002515 75.1442
0.00252 75.34
0.002525 75.535
0.00253 75.7291
0.002535 75.9224
0.00254 76.1149
0.002545 76.3066
0.00255 76.4974
0.002555 76.6873
0.00256 76.8764
0.002565 77.0647
0.00257 77.2521
0.002575 77.4386
0.00258 77.6243
0.002585 77.8092
0.00259 77.9932
0.002595 78.1763
0.0026 78.3586
0.002605 78.54
0.00261 78.7205
0.002615 78.9002
0.00262 79.079
0.002625 79.2569
0.00263 79.434
0.002635 79.6102
0.00264 79.7855
0.002645 79.96
0.00265 80.1335
0.002655 80.3062
0.00266 80.478
0.002665 80.649
0.00267 80.819
0.002675 80.9881
0.00268 81.1564
0.002685 81.3238
0.00269 81.4903
0.002695 81.6559
0.0027 81.8206
0.002705 81.9844
0.00271 82.1473
0.002715 82.3094
0.00272 82.4705
0.002725 82.6307
0.00273 82.7901
0.002735 82.9485
0.00274 83.106
0.002745 83.2627
0.00275 83.4184
0.002755 83.5732
0.00276 83.7272
0.002765 83.8802
0.00277 84.0323
0.002775 84.1835
0.00278 84.3338
0.002785 84.4832
0.00279 84.6317
0.002795 84.7793
0.0028 84.9259
0.002805 85.0717
0.00281 85.2165
0.002815 85.3605
0.00282 85.5035
0.002825 85.6456
0.00283 85.7868
0.002835 85.9271
0.00284 86.0664
0.002845 86.2049
0.00285 86.3424
0.002855 86.479
0.00286 86.6147
0.002865 86.7495
0.00287 86.8834
0.002875 87.0164
0.00288 87.1484
0.002885 87.2795
0.00289 87.4097
0.002895 87.539
0.0029 87.6674
0.002905 87.7948
0.00291 87.9213
0.002915 88.047
0.00292 88.1716
0.002925 88.2954
0.00293 88.4183
0.002935 88.5402
0.00294 88.6612
0.002945 88.7813
0.00295 88.9005
0.002955 89.0188
0.00296 89.1362
0.002965 89.2526
0.00297 89.3681
0.002975 89.4827
0.00298 89.5964
0.002985 89.7092
0.00299 89.821
0.002995 89.932
0.003 90.042
0.003005 90.1511
0.00301 90.2593
0.003015 90.3666
0.00302 90.4729
0.003025 90.5784
0.00303 90.6829
0.003035 90.7866
0.00304 90.8893
0.003045 90.9911
0.00305 91.092
0.003055 91.192
0.00306 91.2911
0.003065 91.3893
0.00307 91.4865
0.003075 91.5829
0.00308 91.6783
0.003085 91.7729
0.00309 91.8665
0.003095 91.9593
0.0031 92.0511
0.003105 92.1421
0.00311 92.2321
0.003115 92.3212
0.00312 92.4095
0.003125 92.4968
0.00313 92.5833
0.003135 92.6688
0.00314 92.7535
0.003145 92.8372
0.00315 92.9201
0.003155 93.0021
0.00316 93.0831
0.003165 93.1633
0.00317 93.2426
0.003175 93.3211
0.00318 93.3986
0.003185 93.4752
0.00319 93.551
0.003195 93.6259
0.0032 93.6999
0.003205 93.773
0.00321 93.8452
0.003215 93.9166
0.00322 93.9871
0.003225 94.0567
0.00323 94.1254
0.003235 94.1933
0.00324 94.2603
0.003245 94.3264
0.00325 94.3916
0.003255 94.456
0.00326 94.5196
0.003265 94.5822
0.00327 94.644
0.003275 94.705
0.00328 94.765
0.003285 94.8243
0.00329 94.8826
0.003295 94.9401
0.0033 94.9968
0.003305 95.0526
0.00331 95.1076
0.003315 95.1617
0.00332 95.2149
0.003325 95.2674
0.00333 95.319
0.003335 95.3697
0.00334 95.4196
0.003345 95.4687
0.00335 95.5169
0.003355 95.5643
0.00336 95.6108
0.003365 95.6566
0.00337 95.7015
0.003375 95.7456
0.00338 95.7888
0.003385 95.8312
0.00339 95.8729
0.003395 95.9137
0.0034 95.9536
0.003405 95.9928
0.00341 96.0311
0.003415 96.0687
0.00342 96.1054
0.003425 96.1413
0.00343 96.1765
0.003435 96.2108
0.00344 96.2443
0.003445 96.277
0.00345 96.3089
0.003455 96.3401
0.00346 96.3704
0.003465 96.4
0.00347 96.4287
0.003475 96.4567
0.00348 96.4839
0.003485 96.5103
0.00349 96.5359
0.003495 96.5608
0.0035 96.5849
0.003505 96.6082
0.00351 96.6307
0.003515 96.6525
0.00352 96.6735
0.003525 96.6937
0.00353 96.7132
0.003535 96.7319
0.00354 96.7499
0.003545 96.7671
0.00355 96.7836
0.003555 96.7993
0.00356 96.8143
0.003565 96.8285
0.00357 96.842
0.003575 96.8547
0.00358 96.8667
0.003585 96.878
0.00359 96.8885
0.003595 96.8984
0.0036 96.9074
0.003605 96.9158
0.00361 96.9234
0.003615 96.9304
0.00362 96.9366
0.003625 96.942
0.00363 96.9468
0.003635 96.9509
0.00364 96.9542
0.003645 96.9569
0.00365 96.9588
0.003655 96.9601
0.00366 96.9607
0.003665 96.9605
0.00367 96.9597
0.003675 96.9582
0.00368 96.956
0.003685 96.9531
0.00369 96.9495
0.003695 96.9453
0.0037 96.9403
0.003705 96.9348
0.00371 96.9285
0.003715 96.9216
0.00372 96.914
0.003725 96.9057
0.00373 96.8968
0.003735 96.8872
0.00374 96.877
0.003745 96.8661
0.00375 96.8546
0.003755 96.8424
0.00376 96.8296
0.003765 96.8162
0.00377 96.8021
0.003775 96.7873
0.00378 96.772
0.003785 96.756
0.00379 96.7394
0.003795 96.7222
0.0038 96.7043
0.003805 96.6858
0.00381 96.6667
0.003815 96.647
0.00382 96.6267
0.003825 96.6058
0.00383 96.5843
0.003835 96.5622
0.00384 96.5395
0.003845 96.5162
0.00385 96.4923
0.003855 96.4678
0.00386 96.4427
0.003865 96.4171
0.00387 96.3908
0.003875 96.364
0.00388 96.3366
0.003885 96.3087
0.00389 96.2801
0.003895 96.251
0.0039 96.2214
0.003905 96.1912
0.00391 96.1604
0.003915 96.1291
0.00392 96.0972
0.003925 96.0648
0.00393 96.0318
0.003935 95.9983
0.00394 95.9642
0.003945 95.9297
0.00395 95.8945
0.003955 95.8589
0.00396 95.8227
0.003965 95.786
0.00397 95.7488
0.003975 95.7111
0.00398 95.6728
0.003985 95.634
0.00399 95.5948
0.003995 95.555
0.004 95.5147
0.004005 95.4739
0.00401 95.4326
0.004015 95.3909
0.00402 95.3486
0.004025 95.3058
0.00403 95.2626
0.004035 95.2189
0.00404 95.1747
0.004045 95.13
0.00405 95.0849
0.004055 95.0393
0.00406 94.9932
0.004065 94.9466
0.00407 94.8996
0.004075 94.8522
0.00408 94.8042
0.004085 94.7559
0.00409 94.7071
0.004095 94.6578
0.0041 94.6081
0.004105 94.5579
0.00411 94.5074
0.004115 94.4564
0.00412 94.4049
0.004125 94.353
0.00413 94.3007
0.004135 94.248
0.00414 94.1949
0.004145 94.1413
0.00415 94.0874
0.004155 94.033
0.00416 93.9782
0.004165 93.9231
0.00417 93.8675
0.004175 93.8115
0.00418 93.7551
0.004185 93.6984
0.00419 93.6412
0.004195 93.5837
0.0042 93.5258
0.004205 93.4675
0.00421 93.4088
0.004215 93.3498
0.00422 93.2904
0.004225 93.2306
0.00423 93.1705
0.004235 93.11
0.00424 93.0491
0.004245 92.9879
0.00425 92.9264
0.004255 92.8644
0.00426 92.8022
0.004265 92.7396
0.00427 92.6767
0.004275 92.6134
0.00428 92.5498
0.004285 92.4859
0.00429 92.4216
0.004295 92.357
0.0043 92.2921
0.004305 92.2269
0.00431 92.1614
0.004315 92.0955
0.00432 92.0294
0.004325 91.9629
0.00433 91.8961
0.004335 91.8291
0.00434 91.7617
0.004345 91.6941
0.00435 91.6261
0.004355 91.5579
0.00436 91.4894
0.004365 91.4206
0.00437 91.3515
0.004375 91.2821
0.00438 91.2125
0.004385 91.1426
0.00439 91.0724
0.004395 91.002
0.0044 90.9313
0.004405 90.8604
0.00441 90.7892
0.004415 90.7177
0.00442 90.646
0.004425 90.574
0.00443 90.5018
0.004435 90.4294
0.00444 90.3567
0.004445 90.2838
0.00445 90.2107
0.004455 90.1373
0.00446 90.0637
0.004465 89.9899
0.00447 89.9159
0.004475 89.8416
0.00448 89.7671
0.004485 89.6924
0.00449 89.6175
0.004495 89.5424
0.0045 89.4671
0.004505 89.3916
0.00451 89.3159
0.004515 89.24
0.00452 89.164
0.004525 89.0877
0.00453 89.0112
0.004535 88.9346
0.00454 88.8577
0.004545 88.7807
0.00455 88.7036
0.004555 88.6262
0.00456 88.5487
0.004565 88.471
0.00457 88.3932
0.004575 88.3151
0.00458 88.237
0.004585 88.1587
0.00459 88.0802
0.004595 88.0016
0.0046 87.9228
0.004605 87.8439
0.00461 87.7648
0.004615 87.6856
0.00462 87.6063
0.004625 87.5268
0.00463 87.4472
0.004635 87.3675
0.00464 87.2876
0.004645 87.2076
0.00465 87.1275
0.004655 87.0473
0.00466 86.967
0.004665 86.8866
0.00467 86.806
0.004675 86.7254
0.00468 86.6446
0.004685 86.5637
0.00469 86.4828
0.004695 86.4017
0.0047 86.3206
0.004705 86.2393
0.00471 86.158
0.004715 86.0766
0.00472 85.9951
0.004725 85.9135
0.00473 85.8318
0.004735 85.7501
0.00474 85.6683
0.004745 85.5864
0.00475 85.5045
0.004755 85.4225
0.00476 85.3404
0.004765 85.2583
0.00477 85.1761
0.004775 85.0938
0.00478 85.0115
0.004785 84.9292
0.00479 84.8468
0.004795 84.7643
0.0048 84.6818
0.004805 84.5993
0.00481 84.5168
0.004815 84.4342
0.00482 84.3515
0.004825 84.2689
0.00483 84.1862
0.004835 84.1034
0.00484 84.0207
0.004845 83.9379
0.00485 83.8551
0.004855 83.7723
0.00486 83.6895
0.004865 83.6067
0.00487 83.5239
0.004875 83.441
0.00488 83.3582
0.004885 83.2753
0.00489 83.1925
0.004895 83.1096
0.0049 83.0268
0.004905 82.9439
0.00491 82.8611
0.004915 82.7783
0.00492 82.6955
0.004925 82.6127
0.00493 82.5299
0.004935 82.4472
0.00494 82.3645
0.004945 82.2818
0.00495 82.1991
0.004955 82.1164
0.00496 82.0338
0.004965 81.9512
0.00497 81.8687
0.004975 81.7862
0.00498 81.7037
0.004985 81.6213
0.00499 81.5389
0.004995 81.4566
0.005 81.3743
0.005005 81.292
0.00501 81.2098
0.005015 81.1277
0.00502 81.0456
0.005025 80.9636
0.00503 80.8817
0.005035 80.7998
0.00504 80.7179
0.005045 80.6362
0.00505 80.5545
0.005055 80.4729
0.00506 80.3913
0.005065 80.3098
0.00507 80.2284
0.005075 80.1471
0.00508 80.0659
0.005085 79.9847
0.00509 79.9037
0.005095 79.8227
0.0051 79.7418
0.005105 79.661
0.00511 79.5803
0.005115 79.4996
0.00512 79.4191
0.005125 79.3387
0.00513 79.2584
0.005135 79.1782
0.00514 79.098
0.005145 79.018
0.00515 78.9381
0.005155 78.8583
0.00516 78.7786
0.005165 78.699
0.00517 78.6196
0.005175 78.5402
0.00518 78.461
0.005185 78.3819
0.00519 78.3029
0.005195 78.2241
0.0052 78.1453
0.005205 78.0667
0.00521 77.9882
0.005215 77.9099
0.00522 77.8317
0.005225 77.7536
0.00523 77.6756
0.005235 77.5978
0.00524 77.5201
0.005245 77.4426
0.00525 77.3652
0.005255 77.2879
0.00526 77.2108
0.005265 77.1338
0.00527 77.057
0.005275 76.9804
0.00528 76.9039
0.005285 76.8275
0.00529 76.7513
0.005295 76.6752
0.0053 76.5993
0.005305 76.5236
0.00531 76.448
0.005315 76.3726
0.00532 76.2973
0.005325 76.2223
0.00533 76.1473
0.005335 76.0726
0.00534 75.998
0.005345 75.9236
0.00535 75.8493
0.005355 75.7753
0.00536 75.7014
0.005365 75.6277
0.00537 75.5541
0.005375 75.4808
0.00538 75.4076
0.005385 75.3346
0.00539 75.2618
0.005395 75.1891
0.0054 75.1167
0.005405 75.0444
0.00541 74.9723
0.005415 74.9005
0.00542 74.8288
0.005425 74.7573
0.00543 74.6859
0.005435 74.6148
0.00544 74.5439
0.005445 74.4732
0.00545 74.4027
0.005455 74.3323
0.00546 74.2622
0.005465 74.1923
0.00547 74.1226
0.005475 74.0531
0.00548 73.9838
0.005485 73.9146
0.00549 73.8458
0.005495 73.7771
0.0055 73.7086
0.005505 73.6403
0.00551 73.5723
0.005515 73.5044
0.00552 73.4368
0.005525 73.3694
0.00553 73.3022
0.005535 73.2352
0.00554 73.1684
0.005545 73.1019
0.00555 73.0356
0.005555 72.9695
0.00556 72.9036
0.005565 72.838
0.00557 72.7725
0.005575 72.7073
0.00558 72.6423
0.005585 72.5776
0.00559 72.5131
0.005595 72.4488
0.0056 72.3847
0.005605 72.3209
0.00561 72.2573
0.005615 72.1939
0.00562 72.1308
0.005625 72.0679
0.00563 72.0052
0.005635 71.9428
0.00564 71.8806
0.005645 71.8186
0.00565 71.7569
0.005655 71.6954
0.00566 71.6342
0.005665 71.5732
0.00567 71.5125
0.005675 71.452
0.00568 71.3917
0.005685 71.3317
0.00569 71.2719
0.005695 71.2124
0.0057 71.1531
0.005705 71.094
0.00571 71.0352
0.005715 70.9767
0.00572 70.9184
0.005725 70.8604
0.00573 70.8026
0.005735 70.745
0.00574 70.6877
0.005745 70.6307
0.00575 70.5739
0.005755 70.5174
0.00576 70.4611
0.005765 70.4051
0.00577 70.3493
0.005775 70.2938
0.00578 70.2386
0.005785 70.1836
0.00579 70.1288
0.005795 70.0743
0.0058 70.0201
0.005805 69.9662
0.00581 69.9125
0.005815 69.859
0.00582 69.8058
0.005825 69.7529
0.00583 69.7003
0.005835 69.6479
0.00584 69.5957
0.005845 69.5439
0.00585 69.4923
0.005855 69.4409
0.00586 69.3898
0.005865 69.339
0.00587 69.2885
0.005875 69.2382
0.00588 69.1882
0.005885 69.1384
0.00589 69.089
0.005895 69.0398
0.0059 68.9908
0.005905 68.9421
0.00591 68.8937
0.005915 68.8456
0.00592 68.7977
0.005925 68.7501
0.00593 68.7028
0.005935 68.6557
0.00594 68.6089
0.005945 68.5624
0.00595 68.5162
0.005955 68.4702
0.00596 68.4245
0.005965 68.379
0.00597 68.3339
0.005975 68.289
0.00598 68.2444
0.005985 68.2
0.00599 68.1559
0.005995 68.1121
0.006 68.0686
0.006005 68.0253
0.00601 67.9824
0.006015 67.9397
0.00602 67.8972
0.006025 67.8551
0.00603 67.8132
0.006035 67.7716
0.00604 67.7302
0.006045 67.6891
0.00605 67.6484
0.006055 67.6078
0.00606 67.5676
0.006065 67.5276
0.00607 67.4879
0.006075 67.4485
0.00608 67.4094
0.006085 67.3705
0.00609 67.3319
0.006095 67.2936
0.0061 67.2556
0.006105 67.2178
0.00611 67.1803
0.006115 67.1431
0.00612 67.1061
0.006125 67.0695
0.00613 67.0331
0.006135 66.997
0.00614 66.9611
0.006145 66.9256
0.00615 66.8903
0.006155 66.8552
0.00616 66.8205
0.006165 66.786
0.00617 66.7518
0.006175 66.7179
0.00618 66.6843
0.006185 66.6509
0.00619 66.6178
0.006195 66.585
0.0062 66.5524
0.006205 66.5202
0.00621 66.4882
0.006215 66.4564
0.00622 66.425
0.006225 66.3938
0.00623 66.3629
0.006235 66.3323
0.00624 66.3019
0.006245 66.2718
0.00625 66.242
0.006255 66.2125
0.00626 66.1832
0.006265 66.1542
0.00627 66.1255
0.006275 66.097
0.00628 66.0688
0.006285 66.0409
0.00629 66.0133
0.006295 65.9859
0.0063 65.9588
0.006305 65.9319
0.00631 65.9054
0.006315 65.8791
0.00632 65.8531
0.006325 65.8273
0.00633 65.8018
0.006335 65.7766
0.00634 65.7516
0.006345 65.7269
0.00635 65.7025
0.006355 65.6784
0.00636 65.6545
0.006365 65.6309
0.00637 65.6075
0.006375 65.5844
0.00638 65.5616
0.006385 65.539
0.00639 65.5167
0.006395 65.4947
0.0064 65.4729
0.006405 65.4514
0.00641 65.4302
0.006415 65.4092
0.00642 65.3885
0.006425 65.368
0.00643 65.3479
0.006435 65.3279
0.00644 65.3082
0.006445 65.2888
0.00645 65.2697
0.006455 65.2508
0.00646 65.2321
0.006465 65.2138
0.00647 65.1956
0.006475 65.1778
0.00648 65.1602
0.006485 65.1428
0.00649 65.1257
0.006495 65.1089
0.0065 65.0923
0.006505 65.076
0.00651 65.0599
0.006515 65.0441
0.00652 65.0285
0.006525 65.0132
0.00653 64.9981
0.006535 64.9833
0.00654 64.9687
0.006545 64.9544
0.00655 64.9403
0.006555 64.9265
0.00656 64.9129
0.006565 64.8996
0.00657 64.8866
0.006575 64.8737
0.00658 64.8611
0.006585 64.8488
0.00659 64.8367
0.006595 64.8249
0.0066 64.8133
0.006605 64.8019
0.00661 64.7908
0.006615 64.7799
0.00662 64.7693
0.006625 64.7589
0.00663 64.7487
0.006635 64.7388
0.00664 64.7291
0.006645 64.7197
0.00665 64.7105
0.006655 64.7015
0.00666 64.6928
0.006665 64.6843
0.00667 64.6761
0.006675 64.668
0.00668 64.6603
0.006685 64.6527
0.00669 64.6454
0.006695 64.6383
0.0067 64.6314
0.006705 64.6248
0.00671 64.6184
0.006715 64.6122
0.00672 64.6063
0.006725 64.6006
0.00673 64.5951
0.006735 64.5898
0.00674 64.5848
0.006745 64.58
0.00675 64.5754
0.006755 64.571
0.00676 64.5669
0.006765 64.563
0.00677 64.5593
0.006775 64.5558
0.00678 64.5525
0.006785 64.5495
0.00679 64.5467
0.006795 64.5441
0.0068 64.5417
0.006805 64.5395
0.00681 64.5375
0.006815 64.5358
0.00682 64.5343
0.006825 64.533
0.00683 64.5319
0.006835 64.531
0.00684 64.5303
0.006845 64.5298
0.00685 64.5296
0.006855 64.5295
0.00686 64.5297
0.006865 64.53
0.00687 64.5306
0.006875 64.5314
0.00688 64.5323
0.006885 64.5335
0.00689 64.5349
0.006895 64.5365
0.0069 64.5383
0.006905 64.5402
0.00691 64.5424
0.006915 64.5448
0.00692 64.5474
0.006925 64.5502
0.00693 64.5531
0.006935 64.5563
0.00694 64.5597
0.006945 64.5632
0.00695 64.567
0.006955 64.5709
0.00696 64.5751
0.006965 64.5794
0.00697 64.5839
0.006975 64.5886
0.00698 64.5935
0.006985 64.5986
0.00699 64.6039
0.006995 64.6093
0.007 64.6149
0.007005 64.6208
0.00701 64.6268
0.007015 64.6329
0.00702 64.6393
0.007025 64.6459
0.00703 64.6526
0.007035 64.6595
0.00704 64.6666
0.007045 64.6738
0.00705 64.6813
0.007055 64.6889
0.00706 64.6966
0.007065 64.7046
0.00707 64.7127
0.007075 64.721
0.00708 64.7295
0.007085 64.7381
0.00709 64.747
0.007095 64.7559
0.0071 64.7651
0.007105 64.7744
0.00711 64.7839
0.007115 64.7935
0.00712 64.8033
0.007125 64.8133
0.00713 64.8234
0.007135 64.8337
0.00714 64.8442
0.007145 64.8548
0.00715 64.8655
0.007155 64.8765
0.00716 64.8875
0.007165 64.8988
0.00717 64.9102
0.007175 64.9217
0.00718 64.9334
0.007185 64.9453
0.00719 64.9573
0.007195 64.9694
0.0072 64.9817
0.007205 64.9942
0.00721 65.0068
0.007215 65.0195
0.00722 65.0324
0.007225 65.0454
0.00723 65.0586
0.007235 65.0719
0.00724 65.0854
0.007245 65.099
0.00725 65.1128
0.007255 65.1266
0.00726 65.1407
0.007265 65.1548
0.00727 65.1691
0.007275 65.1836
0.00728 65.1981
0.007285 65.2128
0.00729 65.2277
0.007295 65.2426
0.0073 65.2577
0.007305 65.273
0.00731 65.2883
0.007315 65.3038
0.00732 65.3194
0.007325 65.3352
0.00733 65.351
0.007335 65.367
0.00734 65.3831
0.007345 65.3994
0.00735 65.4157
0.007355 65.4322
0.00736 65.4488
0.007365 65.4655
0.00737 65.4824
0.007375 65.4993
0.00738 65.5164
0.007385 65.5336
0.00739 65.5509
0.007395 65.5683
0.0074 65.5858
0.007405 65.6035
0.00741 65.6212
0.007415 65.6391
0.00742 65.657
0.007425 65.6751
0.00743 65.6933
0.007435 65.7116
0.00744 65.73
0.007445 65.7485
0.00745 65.7671
0.007455 65.7858
0.00746 65.8046
0.007465 65.8236
0.00747 65.8426
0.007475 65.8617
0.00748 65.8809
0.007485 65.9002
0.00749 65.9196
0.007495 65.9391
0.0075 65.9587
0.007505 65.9784
0.00751 65.9982
0.007515 66.018
0.00752 66.038
0.007525 66.0581
0.00753 66.0782
0.007535 66.0984
0.00754 66.1188
0.007545 66.1392
0.00755 66.1597
0.007555 66.1803
0.00756 66.2009
0.007565 66.2217
0.00757 66.2425
0.007575 66.2634
0.00758 66.2844
0.007585 66.3055
0.00759 66.3266
0.007595 66.3478
0.0076 66.3691
0.007605 66.3905
0.00761 66.412
0.007615 66.4335
0.00762 66.4551
0.007625 66.4768
0.00763 66.4985
0.007635 66.5203
0.00764 66.5422
0.007645 66.5642
0.00765 66.5862
0.007655 66.6083
0.00766 66.6304
0.007665 66.6527
0.00767 66.675
0.007675 66.6973
0.00768 66.7197
0.007685 66.7422
0.00769 66.7647
0.007695 66.7873
0.0077 66.81
0.007705 66.8327
0.00771 66.8555
0.007715 66.8783
0.00772 66.9012
0.007725 66.9241
0.00773 66.9471
0.007735 66.9702
0.00774 66.9933
0.007745 67.0165
0.00775 67.0397
0.007755 67.0629
0.00776 67.0862
0.007765 67.1096
0.00777 67.133
0.007775 67.1564
0.00778 67.1799
0.007785 67.2035
0.00779 67.2271
0.007795 67.2507
0.0078 67.2744
0.007805 67.2981
0.00781 67.3218
0.007815 67.3456
0.00782 67.3695
0.007825 67.3933
0.00783 67.4172
0.007835 67.4412
0.00784 67.4652
0.007845 67.4892
0.00785 67.5133
0.007855 67.5373
0.00786 67.5615
0.007865 67.5856
0.00787 67.6098
0.007875 67.634
0.00788 67.6583
0.007885 67.6826
0.00789 67.7069
0.007895 67.7312
0.0079 67.7556
0.007905 67.7799
0.00791 67.8044
0.007915 67.8288
0.00792 67.8532
0.007925 67.8777
0.00793 67.9022
0.007935 67.9268
0.00794 67.9513
0.007945 67.9759
0.00795 68.0005
0.007955 68.0251
0.00796 68.0497
0.007965 68.0743
0.00797 68.099
0.007975 68.1237
0.00798 68.1483
0.007985 68.173
0.00799 68.1978
0.007995 68.2225
0.008 68.2472
0.008005 68.272
0.00801 68.2967
0.008015 68.3215
0.00802 68.3463
0.008025 68.371
0.00803 68.3958
0.008035 68.4206
0.00804 68.4454
0.008045 68.4703
0.00805 68.4951
0.008055 68.5199
0.00806 68.5447
0.008065 68.5695
0.00807 68.5944
0.008075 68.6192
0.00808 68.644
0.008085 68.6688
0.00809 68.6937
0.008095 68.7185
0.0081 68.7433
0.008105 68.7681
0.00811 68.7929
0.008115 68.8178
0.00812 68.8426
0.008125 68.8674
0.00813 68.8922
0.008135 68.9169
0.00814 68.9417
0.008145 68.9665
0.00815 68.9913
0.008155 69.016
0.00816 69.0408
0.008165 69.0655
0.00817 69.0902
0.008175 69.1149
0.00818 69.1396
0.008185 69.1643
0.00819 69.1889
0.008195 69.2136
0.0082 69.2382
0.008205 69.2629
0.00821 69.2875
0.008215 69.312
0.00822 69.3366
0.008225 69.3612
0.00823 69.3857
0.008235 69.4102
0.00824 69.4347
0.008245 69.4592
0.00825 69.4836
0.008255 69.508
0.00826 69.5324
0.008265 69.5568
0.00827 69.5812
0.008275 69.6055
0.00828 69.6298
0.008285 69.6541
0.00829 69.6783
0.008295 69.7026
0.0083 69.7268
0.008305 69.7509
0.00831 69.7751
0.008315 69.7992
0.00832 69.8233
0.008325 69.8473
0.00833 69.8714
0.008335 69.8954
0.00834 69.9193
0.008345 69.9432
0.00835 69.9671
0.008355 69.991
0.00836 70.0148
0.008365 70.0386
0.00837 70.0624
0.008375 70.0861
0.00838 70.1098
0.008385 70.1334
0.00839 70.157
0.008395 70.1806
0.0084 70.2042
0.008405 70.2277
0.00841 70.2511
0.008415 70.2745
0.00842 70.2979
0.008425 70.3212
0.00843 70.3445
0.008435 70.3678
0.00844 70.391
0.008445 70.4142
0.00845 70.4373
0.008455 70.4604
0.00846 70.4834
0.008465 70.5064
0.00847 70.5294
0.008475 70.5523
0.00848 70.5751
0.008485 70.5979
0.00849 70.6207
0.008495 70.6434
0.0085 70.6661
0.008505 70.6887
0.00851 70.7113
0.008515 70.7338
0.00852 70.7563
0.008525 70.7787
0.00853 70.8011
0.008535 70.8234
0.00854 70.8457
0.008545 70.8679
0.00855 70.8901
0.008555 70.9122
0.00856 70.9343
0.008565 70.9563
0.00857 70.9782
0.008575 71.0001
0.00858 71.022
0.008585 71.0438
0.00859 71.0655
0.008595 71.0872
0.0086 71.1088
0.008605 71.1304
0.00861 71.1519
0.008615 71.1733
0.00862 71.1947
0.008625 71.2161
0.00863 71.2373
0.008635 71.2586
0.00864 71.2797
0.008645 71.3008
0.00865 71.3219
0.008655 71.3428
0.00866 71.3638
0.008665 71.3846
0.00867 71.4054
0.008675 71.4262
0.00868 71.4468
0.008685 71.4674
0.00869 71.488
0.008695 71.5085
0.0087 71.5289
0.008705 71.5493
0.00871 71.5696
0.008715 71.5898
0.00872 71.6099
0.008725 71.6301
0.00873 71.6501
0.008735 71.6701
0.00874 71.69
0.008745 71.7098
0.00875 71.7296
0.008755 71.7493
0.00876 71.7689
0.008765 71.7885
0.00877 71.808
0.008775 71.8274
0.00878 71.8468
0.008785 71.8661
0.00879 71.8853
0.008795 71.9045
0.0088 71.9236
0.008805 71.9426
0.00881 71.9615
0.008815 71.9804
0.00882 71.9992
0.008825 72.018
0.00883 72.0366
0.008835 72.0552
0.00884 72.0738
0.008845 72.0922
0.00885 72.1106
0.008855 72.1289
0.00886 72.1472
0.008865 72.1653
0.00887 72.1834
0.008875 72.2014
0.00888 72.2194
0.008885 72.2373
0.00889 72.2551
0.008895 72.2728
0.0089 72.2904
0.008905 72.308
0.00891 72.3255
0.008915 72.3429
0.00892 72.3603
0.008925 72.3776
0.00893 72.3948
0.008935 72.4119
0.00894 72.4289
0.008945 72.4459
0.00895 72.4628
0.008955 72.4796
0.00896 72.4964
0.008965 72.5131
0.00897 72.5297
0.008975 72.5462
0.00898 72.5626
0.008985 72.579
0.00899 72.5952
0.008995 72.6115
0.009 72.6276
0.009005 72.6436
0.00901 72.6596
0.009015 72.6755
0.00902 72.6913
0.009025 72.7071
0.00903 72.7227
0.009035 72.7383
0.00904 72.7538
0.009045 72.7692
0.00905 72.7846
0.009055 72.7998
0.00906 72.815
0.009065 72.8301
0.00907 72.8451
0.009075 72.8601
0.00908 72.8749
0.009085 72.8897
0.00909 72.9044
0.009095 72.919
0.0091 72.9336
0.009105 72.9481
0.00911 72.9624
0.009115 72.9767
0.00912 72.991
0.009125 73.0051
0.00913 73.0192
0.009135 73.0331
0.00914 73.047
0.009145 73.0608
0.00915 73.0746
0.009155 73.0882
0.00916 73.1018
0.009165 73.1153
0.00917 73.1287
0.009175 73.142
0.00918 73.1553
0.009185 73.1684
0.00919 73.1815
0.009195 73.1945
0.0092 73.2074
0.009205 73.2203
0.00921 73.233
0.009215 73.2457
0.00922 73.2583
0.009225 73.2708
0.00923 73.2832
0.009235 73.2956
0.00924 73.3078
0.009245 73.32
0.00925 73.3321
0.009255 73.3441
0.00926 73.356
0.009265 73.3679
0.00927 73.3797
0.009275 73.3913
0.00928 73.403
0.009285 73.4145
0.00929 73.4259
0.009295 73.4373
0.0093 73.4485
0.009305 73.4597
0.00931 73.4708
0.009315 73.4819
0.00932 73.4928
0.009325 73.5037
0.00933 73.5144
0.009335 73.5251
0.00934 73.5358
0.009345 73.5463
0.00935 73.5567
0.009355 73.5671
0.00936 73.5774
0.009365 73.5876
0.00937 73.5977
0.009375 73.6077
0.00938 73.6177
0.009385 73.6276
0.00939 73.6374
0.009395 73.6471
0.0094 73.6567
0.009405 73.6662
0.00941 73.6757
0.009415 73.6851
0.00942 73.6944
0.009425 73.7036
0.00943 73.7127
0.009435 73.7218
0.00944 73.7308
0.009445 73.7397
0.00945 73.7485
0.009455 73.7572
0.00946 73.7658
0.009465 73.7744
0.00947 73.7829
0.009475 73.7913
0.00948 73.7996
0.009485 73.8078
0.00949 73.816
0.009495 73.8241
0.0095 73.8321
0.009505 73.84
0.00951 73.8478
0.009515 73.8556
0.00952 73.8633
0.009525 73.8709
0.00953 73.8784
0.009535 73.8858
0.00954 73.8932
0.009545 73.9004
0.00955 73.9076
0.009555 73.9147
0.00956 73.9218
0.009565 73.9287
0.00957 73.9356
0.009575 73.9424
0.00958 73.9491
0.009585 73.9558
0.00959 73.9623
0.009595 73.9688
0.0096 73.9752
0.009605 73.9815
0.00961 73.9878
0.009615 73.9939
0.00962 74
0.009625 74.006
0.00963 74.012
0.009635 74.0178
0.00964 74.0236
0.009645 74.0293
0.00965 74.0349
0.009655 74.0405
0.00966 74.0459
0.009665 74.0513
0.00967 74.0566
0.009675 74.0619
0.00968 74.067
0.009685 74.0721
0.00969 74.0771
0.009695 74.082
0.0097 74.0869
0.009705 74.0917
0.00971 74.0964
0.009715 74.101
0.00972 74.1055
0.009725 74.11
0.00973 74.1144
0.009735 74.1187
0.00974 74.123
0.009745 74.1272
0.00975 74.1313
0.009755 74.1353
0.00976 74.1392
0.009765 74.1431
0.00977 74.1469
0.009775 74.1506
0.00978 74.1543
0.009785 74.1579
0.00979 74.1614
0.009795 74.1648
0.0098 74.1682
0.009805 74.1715
0.00981 74.1747
0.009815 74.1779
0.00982 74.1809
0.009825 74.1839
0.00983 74.1869
0.009835 74.1897
0.00984 74.1925
0.009845 74.1952
0.00985 74.1979
0.009855 74.2005
0.00986 74.203
0.009865 74.2054
0.00987 74.2078
0.009875 74.2101
0.00988 74.2123
0.009885 74.2145
0.00989 74.2165
0.009895 74.2186
0.0099 74.2205
0.009905 74.2224
0.00991 74.2242
0.009915 74.2259
0.00992 74.2276
0.009925 74.2292
0.00993 74.2308
0.009935 74.2322
0.00994 74.2336
0.009945 74.235
0.00995 74.2363
0.009955 74.2375
0.00996 74.2386
0.009965 74.2397
0.00997 74.2407
0.009975 74.2416
0.00998 74.2425
0.009985 74.2433
0.00999 74.244
0.009995 74.2447
0.01 74.2453
0.010005 74.2459
0.01001 74.2464
0.010015 74.2468
0.01002 74.2472
0.010025 74.2475
0.01003 74.2477
0.010035 74.2479
0.01004 74.248
0.010045 74.248
0.01005 74.248
0.010055 74.2479
0.01006 74.2478
0.010065 74.2476
0.01007 74.2473
0.010075 74.247
0.01008 74.2466
0.010085 74.2461
0.01009 74.2456
0.010095 74.2451
0.0101 74.2444
0.010105 74.2438
0.01011 74.243
0.010115 74.2422
0.01012 74.2413
0.010125 74.2404
0.01013 74.2394
0.010135 74.2384
0.01014 74.2373
0.010145 74.2361
0.01015 74.2349
0.010155 74.2337
0.01016 74.2323
0.010165 74.2309
0.01017 74.2295
0.010175 74.228
0.01018 74.2265
0.010185 74.2249
0.01019 74.2232
0.010195 74.2215
0.0102 74.2197
0.010205 74.2179
0.01021 74.216
0.010215 74.214
0.01022 74.2121
0.010225 74.21
0.01023 74.2079
0.010235 74.2058
0.01024 74.2036
0.010245 74.2013
0.01025 74.199
0.010255 74.1966
0.01026 74.1942
0.010265 74.1918
0.01027 74.1892
0.010275 74.1867
0.01028 74.1841
0.010285 74.1814
0.01029 74.1787
0.010295 74.1759
0.0103 74.1731
0.010305 74.1702
0.01031 74.1673
0.010315 74.1643
0.01032 74.1613
0.010325 74.1583
0.01033 74.1552
0.010335 74.152
0.01034 74.1488
0.010345 74.1455
0.01035 74.1422
0.010355 74.1389
0.01036 74.1355
0.010365 74.1321
0.01037 74.1286
0.010375 74.125
0.01038 74.1215
0.010385 74.1179
0.01039 74.1142
0.010395 74.1105
0.0104 74.1067
0.010405 74.1029
0.01041 74.0991
0.010415 74.0952
0.01042 74.0913
0.010425 74.0873
0.01043 74.0833
0.010435 74.0792
0.01044 74.0751
0.010445 74.071
0.01045 74.0668
0.010455 74.0626
0.01046 74.0583
0.010465 74.054
0.01047 74.0496
0.010475 74.0453
0.01048 74.0408
0.010485 74.0364
0.01049 74.0319
0.010495 74.0273
0.0105 74.0227
0.010505 74.0181
0.01051 74.0134
0.010515 74.0087
0.01052 74.004
0.010525 73.9992
0.01053 73.9944
0.010535 73.9896
0.01054 73.9847
0.010545 73.9798
0.01055 73.9748
0.010555 73.9698
0.01056 73.9648
0.010565 73.9597
0.01057 73.9546
0.010575 73.9495
0.01058 73.9443
0.010585 73.9391
0.01059 73.9339
0.010595 73.9286
0.0106 73.9233
0.010605 73.918
0.01061 73.9126
0.010615 73.9072
0.01062 73.9018
0.010625 73.8963
0.01063 73.8908
0.010635 73.8853
0.01064 73.8797
0.010645 73.8741
0.01065 73.8685
0.010655 73.8628
0.01066 73.8571
0.010665 73.8514
0.01067 73.8457
0.010675 73.8399
0.01068 73.8341
0.010685 73.8283
0.01069 73.8224
0.010695 73.8165
0.0107 73.8106
0.010705 73.8047
0.01071 73.7987
0.010715 73.7927
0.01072 73.7867
0.010725 73.7806
0.01073 73.7745
0.010735 73.7684
0.01074 73.7623
0.010745 73.7562
0.01075 73.75
0.010755 73.7438
0.01076 73.7375
0.010765 73.7313
0.01077 73.725
0.010775 73.7187
0.01078 73.7124
0.010785 73.706
0.01079 73.6997
0.010795 73.6933
0.0108 73.6868
0.010805 73.6804
0.01081 73.6739
0.010815 73.6675
0.01082 73.6609
0.010825 73.6544
0.01083 73.6479
0.010835 73.6413
0.01084 73.6347
0.010845 73.6281
0.01085 73.6215
0.010855 73.6148
0.01086 73.6081
0.010865 73.6015
0.01087 73.5947
0.010875 73.588
0.01088 73.5813
0.010885 73.5745
0.01089 73.5677
0.010895 73.5609
0.0109 73.5541
0.010905 73.5473
0.01091 73.5404
0.010915 73.5336
0.01092 73.5267
0.010925 73.5198
0.01093 73.5129
0.010935 73.5059
0.01094 73.499
0.010945 73.492
0.01095 73.485
0.010955 73.478
0.01096 73.471
0.010965 73.464
0.01097 73.457
0.010975 73.4499
0.01098 73.4429
0.010985 73.4358
0.01099 73.4287
0.010995 73.4216
0.011 73.4145
0.011005 73.4074
0.01101 73.4002
0.011015 73.3931
0.01102 73.3859
0.011025 73.3788
0.01103 73.3716
0.011035 73.3644
0.01104 73.3572
0.011045 73.35
0.01105 73.3427
0.011055 73.3355
0.01106 73.3283
0.011065 73.321
0.01107 73.3137
0.011075 73.3065
0.01108 73.2992
0.011085 73.2919
0.01109 73.2846
0.011095 73.2773
0.0111 73.27
0.011105 73.2627
0.01111 73.2553
0.011115 73.248
0.01112 73.2407
0.011125 73.2333
0.01113 73.226
0.011135 73.2186
0.01114 73.2112
0.011145 73.2039
0.01115 73.1965
0.011155 73.1891
0.01116 73.1817
0.011165 73.1743
0.01117 73.1669
0.011175 73.1595
0.01118 73.1521
0.011185 73.1447
0.01119 73.1373
0.011195 73.1299
0.0112 73.1225
0.011205 73.1151
0.01121 73.1076
0.011215 73.1002
0.01122 73.0928
0.011225 73.0854
0.01123 73.0779
0.011235 73.0705
0.01124 73.0631
0.011245 73.0556
0.01125 73.0482
0.011255 73.0407
0.01126 73.0333
0.011265 73.0259
0.01127 73.0184
0.011275 73.011
0.01128 73.0036
0.011285 72.9961
0.01129 72.9887
0.011295 72.9812
0.0113 72.9738
0.011305 72.9664
0.01131 72.9589
0.011315 72.9515
0.01132 72.9441
0.011325 72.9366
0.01133 72.9292
0.011335 72.9218
0.01134 72.9144
0.011345 72.9069
0.01135 72.8995
0.011355 72.8921
0.01136 72.8847
0.011365 72.8773
0.01137 72.8699
0.011375 72.8625
0.01138 72.8551
0.011385 72.8477
0.01139 72.8403
0.011395 72.833
0.0114 72.8256
0.011405 72.8182
0.01141 72.8108
0.011415 72.8035
0.01142 72.7961
0.011425 72.7888
0.01143 72.7814
0.011435 72.7741
0.01144 72.7668
0.011445 72.7595
0.01145 72.7521
0.011455 72.7448
0.01146 72.7375
0.011465 72.7302
0.01147 72.7229
0.011475 72.7157
0.01148 72.7084
0.011485 72.7011
0.01149 72.6939
0.011495 72.6866
0.0115 72.6794
0.011505 72.6722
0.01151 72.6649
0.011515 72.6577
0.01152 72.6505
0.011525 72.6433
0.01153 72.6361
0.011535 72.629
0.01154 72.6218
0.011545 72.6147
0.01155 72.6075
0.011555 72.6004
0.01156 72.5932
0.011565 72.5861
0.01157 72.579
0.011575 72.5719
0.01158 72.5649
0.011585 72.5578
0.01159 72.5507
0.011595 72.5437
0.0116 72.5367
0.011605 72.5296
0.01161 72.5226
0.011615 72.5156
0.01162 72.5086
0.011625 72.5017
0.01163 72.4947
0.011635 72.4877
0.01164 72.4808
0.011645 72.4739
0.01165 72.467
0.011655 72.4601
0.01166 72.4532
0.011665 72.4463
0.01167 72.4395
0.011675 72.4326
0.01168 72.4258
0.011685 72.419
0.01169 72.4122
0.011695 72.4054
0.0117 72.3986
0.011705 72.3919
0.01171 72.3851
0.011715 72.3784
0.01172 72.3717
0.011725 72.365
0.01173 72.3583
0.011735 72.3516
0.01174 72.345
0.011745 72.3384
0.01175 72.3317
0.011755 72.3251
0.01176 72.3186
0.011765 72.312
0.01177 72.3054
0.011775 72.2989
0.01178 72.2924
0.011785 72.2859
0.01179 72.2794
0.011795 72.2729
0.0118 72.2665
0.011805 72.26
0.01181 72.2536
0.011815 72.2472
0.01182 72.2408
0.011825 72.2344
0.01183 72.2281
0.011835 72.2218
0.01184 72.2155
0.011845 72.2092
0.01185 72.2029
0.011855 72.1966
0.01186 72.1904
0.011865 72.1842
0.01187 72.178
0.011875 72.1718
0.01188 72.1656
0.011885 72.1595
0.01189 72.1533
0.011895 72.1472
0.0119 72.1411
0.011905 72.1351
0.01191 72.129
0.011915 72.123
0.01192 72.117
0.011925 72.111
0.01193 72.105
0.011935 72.099
0.01194 72.0931
0.011945 72.0872
0.01195 72.0813
0.011955 72.0754
0.01196 72.0696
0.011965 72.0637
0.01197 72.0579
0.011975 72.0521
0.01198 72.0464
0.011985 72.0406
0.01199 72.0349
0.011995 72.0292
0.012 72.0235
0.012005 72.0178
0.01201 72.0122
0.012015 72.0065
0.01202 72.0009
0.012025 71.9953
0.01203 71.9898
0.012035 71.9842
0.01204 71.9787
0.012045 71.9732
0.01205 71.9678
0.012055 71.9623
0.01206 71.9569
0.012065 71.9515
0.01207 71.9461
0.012075 71.9407
0.01208 71.9354
0.012085 71.93
0.01209 71.9247
0.012095 71.9195
0.0121 71.9142
0.012105 71.909
0.01211 71.9038
0.012115 71.8986
0.01212 71.8934
0.012125 71.8883
0.01213 71.8831
0.012135 71.8781
0.01214 71.873
0.012145 71.8679
0.01215 71.8629
0.012155 71.8579
0.01216 71.8529
0.012165 71.8479
0.01217 71.843
0.012175 71.8381
0.01218 71.8332
0.012185 71.8283
0.01219 71.8235
0.012195 71.8187
0.0122 71.8139
0.012205 71.8091
0.01221 71.8044
0.012215 71.7996
0.01222 71.7949
0.012225 71.7902
0.01223 71.7856
0.012235 71.781
0.01224 71.7764
0.012245 71.7718
0.01225 71.7672
0.012255 71.7627
0.01226 71.7582
0.012265 71.7537
0.01227 71.7492
0.012275 71.7448
0.01228 71.7403
0.012285 71.736
0.01229 71.7316
0.012295 71.7272
0.0123 71.7229
0.012305 71.7186
0.01231 71.7143
0.012315 71.7101
0.01232 71.7059
0.012325 71.7017
0.01233 71.6975
0.012335 71.6933
0.01234 71.6892
0.012345 71.6851
0.01235 71.681
0.012355 71.677
0.01236 71.673
0.012365 71.669
0.01237 71.665
0.012375 71.661
0.01238 71.6571
0.012385 71.6532
0.01239 71.6493
0.012395 71.6454
0.0124 71.6416
0.012405 71.6378
0.01241 71.634
0.012415 71.6303
0.01242 71.6265
0.012425 71.6228
0.01243 71.6191
0.012435 71.6155
0.01244 71.6118
0.012445 71.6082
0.01245 71.6046
0.012455 71.6011
0.01246 71.5975
0.012465 71.594
0.01247 71.5905
0.012475 71.5871
0.01248 71.5836
0.012485 71.5802
0.01249 71.5768
0.012495 71.5735
0.0125 71.5701
0.012505 71.5668
0.01251 71.5635
0.012515 71.5602
0.01252 71.557
0.012525 71.5538
0.01253 71.5506
0.012535 71.5474
0.01254 71.5443
0.012545 71.5412
0.01255 71.5381
0.012555 71.535
0.01256 71.532
0.012565 71.5289
0.01257 71.5259
0.012575 71.523
0.01258 71.52
0.012585 71.5171
0.01259 71.5142
0.012595 71.5113
0.0126 71.5085
0.012605 71.5057
0.01261 71.5029
0.012615 71.5001
0.01262 71.4974
0.012625 71.4946
0.01263 71.4919
0.012635 71.4893
0.01264 71.4866
0.012645 71.484
0.01265 71.4814
0.012655 71.4788
0.01266 71.4762
0.012665 71.4737
0.01267 71.4712
0.012675 71.4687
0.01268 71.4663
0.012685 71.4638
0.01269 71.4614
0.012695 71.4591
0.0127 71.4567
0.012705 71.4544
0.01271 71.452
0.012715 71.4498
0.01272 71.4475
0.012725 71.4453
0.01273 71.443
0.012735 71.4409
0.01274 71.4387
0.012745 71.4365
0.01275 71.4344
0.012755 71.4323
0.01276 71.4303
0.012765 71.4282
0.01277 71.4262
0.012775 71.4242
0.01278 71.4222
0.012785 71.4203
0.01279 71.4183
0.012795 71.4164
0.0128 71.4145
0.012805 71.4127
0.01281 71.4108
0.012815 71.409
0.01282 71.4072
0.012825 71.4055
0.01283 71.4037
0.012835 71.402
0.01284 71.4003
0.012845 71.3987
0.01285 71.397
0.012855 71.3954
0.01286 71.3938
0.012865 71.3922
0.01287 71.3906
0.012875 71.3891
0.01288 71.3876
0.012885 71.3861
0.01289 71.3847
0.012895 71.3832
0.0129 71.3818
0.012905 71.3804
0.01291 71.379
0.012915 71.3777
0.01292 71.3763
0.012925 71.375
0.01293 71.3738
0.012935 71.3725
0.01294 71.3713
0.012945 71.37
0.01295 71.3688
0.012955 71.3677
0.01296 71.3665
0.012965 71.3654
0.01297 71.3643
0.012975 71.3632
0.01298 71.3621
0.012985 71.3611
0.01299 71.3601
0.012995 71.3591
0.013 71.3581
0.013005 71.3572
0.01301 71.3562
0.013015 71.3553
0.01302 71.3544
0.013025 71.3536
0.01303 71.3527
0.013035 71.3519
0.01304 71.3511
0.013045 71.3503
0.01305 71.3495
0.013055 71.3488
0.01306 71.3481
0.013065 71.3474
0.01307 71.3467
0.013075 71.3461
0.01308 71.3454
0.013085 71.3448
0.01309 71.3442
0.013095 71.3436
0.0131 71.3431
0.013105 71.3426
0.01311 71.342
0.013115 71.3416
0.01312 71.3411
0.013125 71.3406
0.01313 71.3402
0.013135 71.3398
0.01314 71.3394
0.013145 71.339
0.01315 71.3387
0.013155 71.3384
0.01316 71.338
0.013165 71.3377
0.01317 71.3375
0.013175 71.3372
0.01318 71.337
0.013185 71.3368
0.01319 71.3366
0.013195 71.3364
0.0132 71.3363
0.013205 71.3361
0.01321 71.336
0.013215 71.3359
0.01322 71.3358
0.013225 71.3358
0.01323 71.3357
0.013235 71.3357
0.01324 71.3357
0.013245 71.3357
0.01325 71.3358
0.013255 71.3358
0.01326 71.3359
0.013265 71.336
0.01327 71.3361
0.013275 71.3362
0.01328 71.3363
0.013285 71.3365
0.01329 71.3367
0.013295 71.3369
0.0133 71.3371
0.013305 71.3373
0.01331 71.3376
0.013315 71.3379
0.01332 71.3381
0.013325 71.3384
0.01333 71.3388
0.013335 71.3391
0.01334 71.3395
0.013345 71.3398
0.01335 71.3402
0.013355 71.3406
0.01336 71.3411
0.013365 71.3415
0.01337 71.342
0.013375 71.3424
0.01338 71.3429
0.013385 71.3434
0.01339 71.3439
0.013395 71.3445
0.0134 71.345
0.013405 71.3456
0.01341 71.3462
0.013415 71.3468
0.01342 71.3474
0.013425 71.3481
0.01343 71.3487
0.013435 71.3494
0.01344 71.3501
0.013445 71.3508
0.01345 71.3515
0.013455 71.3522
0.01346 71.353
0.013465 71.3537
0.01347 71.3545
0.013475 71.3553
0.01348 71.3561
0.013485 71.3569
0.01349 71.3578
0.013495 71.3586
0.0135 71.3595
0.013505 71.3604
0.01351 71.3613
0.013515 71.3622
0.01352 71.3631
0.013525 71.364
0.01353 71.365
0.013535 71.366
0.01354 71.3669
0.013545 71.3679
0.01355 71.369
0.013555 71.37
0.01356 71.371
0.013565 71.3721
0.01357 71.3731
0.013575 71.3742
0.01358 71.3753
0.013585 71.3764
0.01359 71.3775
0.013595 71.3787
0.0136 71.3798
0.013605 71.381
0.01361 71.3821
0.013615 71.3833
0.01362 71.3845
0.013625 71.3857
0.01363 71.387
0.013635 71.3882
0.01364 71.3894
0.013645 71.3907
0.01365 71.392
0.013655 71.3933
0.01366 71.3946
0.013665 71.3959
0.01367 71.3972
0.013675 71.3985
0.01368 71.3999
0.013685 71.4012
0.01369 71.4026
0.013695 71.404
0.0137 71.4054
0.013705 71.4068
0.01371 71.4082
0.013715 71.4096
0.01372 71.411
0.013725 71.4125
0.01373 71.4139
0.013735 71.4154
0.01374 71.4169
0.013745 71.4184
0.01375 71.4199
0.013755 71.4214
0.01376 71.4229
0.013765 71.4245
0.01377 71.426
0.013775 71.4276
0.01378 71.4291
0.013785 71.4307
0.01379 71.4323
0.013795 71.4339
0.0138 71.4355
0.013805 71.4371
0.01381 71.4387
0.013815 71.4404
0.01382 71.442
0.013825 71.4437
0.01383 71.4453
0.013835 71.447
0.01384 71.4487
0.013845 71.4504
0.01385 71.4521
0.013855 71.4538
0.01386 71.4555
0.013865 71.4572
0.01387 71.4589
0.013875 71.4607
0.01388 71.4624
0.013885 71.4642
0.01389 71.466
0.013895 71.4677
0.0139 71.4695
0.013905 71.4713
0.01391 71.4731
0.013915 71.4749
0.01392 71.4768
0.013925 71.4786
0.01393 71.4804
0.013935 71.4823
0.01394 71.4841
0.013945 71.486
0.01395 71.4878
0.013955 71.4897
0.01396 71.4916
0.013965 71.4935
0.01397 71.4954
0.013975 71.4972
0.01398 71.4992
0.013985 71.5011
0.01399 71.503
0.013995 71.5049
0.014 71.5069
0.014005 71.5088
0.01401 71.5107
0.014015 71.5127
0.01402 71.5147
0.014025 71.5166
0.01403 71.5186
0.014035 71.5206
0.01404 71.5226
0.014045 71.5245
0.01405 71.5265
0.014055 71.5285
0.01406 71.5305
0.014065 71.5326
0.01407 71.5346
0.014075 71.5366
0.01408 71.5386
0.014085 71.5407
0.01409 71.5427
0.014095 71.5448
0.0141 71.5468
0.014105 71.5489
0.01411 71.5509
0.014115 71.553
0.01412 71.5551
0.014125 71.5571
0.01413 71.5592
0.014135 71.5613
0.01414 71.5634
0.014145 71.5655
0.01415 71.5676
0.014155 71.5697
0.01416 71.5718
0.014165 71.5739
0.01417 71.576
0.014175 71.5781
0.01418 71.5803
0.014185 71.5824
0.01419 71.5845
0.014195 71.5866
0.0142 71.5888
0.014205 71.5909
0.01421 71.5931
0.014215 71.5952
0.01422 71.5974
0.014225 71.5995
0.01423 71.6017
0.014235 71.6038
0.01424 71.606
0.014245 71.6082
0.01425 71.6103
0.014255 71.6125
0.01426 71.6147
0.014265 71.6169
0.01427 71.619
0.014275 71.6212
0.01428 71.6234
0.014285 71.6256
0.01429 71.6278
0.014295 71.63
0.0143 71.6322
0.014305 71.6344
0.01431 71.6366
0.014315 71.6388
0.01432 71.641
0.014325 71.6432
0.01433 71.6454
0.014335 71.6476
0.01434 71.6498
0.014345 71.652
0.01435 71.6542
0.014355 71.6564
0.01436 71.6587
0.014365 71.6609
0.01437 71.6631
0.014375 71.6653
0.01438 71.6675
0.014385 71.6697
0.01439 71.672
0.014395 71.6742
0.0144 71.6764
0.014405 71.6786
0.01441 71.6809
0.014415 71.6831
0.01442 71.6853
0.014425 71.6875
0.01443 71.6898
0.014435 71.692
0.01444 71.6942
0.014445 71.6965
0.01445 71.6987
0.014455 71.7009
0.01446 71.7032
0.014465 71.7054
0.01447 71.7076
0.014475 71.7098
0.01448 71.7121
0.014485 71.7143
0.01449 71.7165
0.014495 71.7188
0.0145 71.721
0.014505 71.7232
0.01451 71.7254
0.014515 71.7277
0.01452 71.7299
0.014525 71.7321
0.01453 71.7343
0.014535 71.7366
0.01454 71.7388
0.014545 71.741
0.01455 71.7432
0.014555 71.7454
0.01456 71.7477
0.014565 71.7499
0.01457 71.7521
0.014575 71.7543
0.01458 71.7565
0.014585 71.7587
0.01459 71.761
0.014595 71.7632
0.0146 71.7654
0.014605 71.7676
0.01461 71.7698
0.014615 71.772
0.01462 71.7742
0.014625 71.7764
0.01463 71.7786
0.014635 71.7808
0.01464 71.783
0.014645 71.7852
0.01465 71.7873
0.014655 71.7895
0.01466 71.7917
0.014665 71.7939
0.01467 71.7961
0.014675 71.7983
0.01468 71.8004
0.014685 71.8026
0.01469 71.8048
0.014695 71.8069
0.0147 71.8091
0.014705 71.8113
0.01471 71.8134
0.014715 71.8156
0.01472 71.8177
0.014725 71.8199
0.01473 71.822
0.014735 71.8242
0.01474 71.8263
0.014745 71.8285
0.01475 71.8306
0.014755 71.8327
0.01476 71.8349
0.014765 71.837
0.01477 71.8391
0.014775 71.8412
0.01478 71.8434
0.014785 71.8455
0.01479 71.8476
0.014795 71.8497
0.0148 71.8518
0.014805 71.8539
0.01481 71.856
0.014815 71.8581
0.01482 71.8602
0.014825 71.8622
0.01483 71.8643
0.014835 71.8664
0.01484 71.8685
0.014845 71.8705
0.01485 71.8726
0.014855 71.8747
0.01486 71.8767
0.014865 71.8788
0.01487 71.8808
0.014875 71.8829
0.01488 71.8849
0.014885 71.8869
0.01489 71.889
0.014895 71.891
0.0149 71.893
0.014905 71.895
0.01491 71.8971
0.014915 71.8991
0.01492 71.9011
0.014925 71.9031
0.01493 71.9051
0.014935 71.9071
0.01494 71.909
0.014945 71.911
0.01495 71.913
0.014955 71.915
0.01496 71.9169
0.014965 71.9189
0.01497 71.9209
0.014975 71.9228
0.01498 71.9248
0.014985 71.9267
0.01499 71.9286
0.014995 71.9306
0.015 71.9325
0.015005 71.9344
0.01501 71.9363
0.015015 71.9382
0.01502 71.9401
0.015025 71.942
0.01503 71.9439
0.015035 71.9458
0.01504 71.9477
0.015045 71.9496
0.01505 71.9515
0.015055 71.9533
0.01506 71.9552
0.015065 71.957
0.01507 71.9589
0.015075 71.9607
0.01508 71.9626
0.015085 71.9644
0.01509 71.9662
0.015095 71.9681
0.0151 71.9699
0.015105 71.9717
0.01511 71.9735
0.015115 71.9753
0.01512 71.9771
0.015125 71.9789
0.01513 71.9806
0.015135 71.9824
0.01514 71.9842
0.015145 71.986
0.01515 71.9877
0.015155 71.9895
0.01516 71.9912
0.015165 71.9929
0.01517 71.9947
0.015175 71.9964
0.01518 71.9981
0.015185 71.9998
0.01519 72.0015
0.015195 72.0032
0.0152 72.0049
0.015205 72.0066
0.01521 72.0083
0.015215 72.01
0.01522 72.0117
0.015225 72.0133
0.01523 72.015
0.015235 72.0166
0.01524 72.0183
0.015245 72.0199
0.01525 72.0215
0.015255 72.0232
0.01526 72.0248
0.015265 72.0264
0.01527 72.028
0.015275 72.0296
0.01528 72.0312
0.015285 72.0328
0.01529 72.0343
0.015295 72.0359
0.0153 72.0375
0.015305 72.039
0.01531 72.0406
0.015315 72.0421
0.01532 72.0437
0.015325 72.0452
0.01533 72.0467
0.015335 72.0482
0.01534 72.0498
0.015345 72.0513
0.01535 72.0528
0.015355 72.0542
0.01536 72.0557
0.015365 72.0572
0.01537 72.0587
0.015375 72.0601
0.01538 72.0616
0.015385 72.063
0.01539 72.0645
0.015395 72.0659
0.0154 72.0673
0.015405 72.0688
0.01541 72.0702
0.015415 72.0716
0.01542 72.073
0.015425 72.0744
0.01543 72.0757
0.015435 72.0771
0.01544 72.0785
0.015445 72.0799
0.01545 72.0812
0.015455 72.0826
0.01546 72.0839
0.015465 72.0852
0.01547 72.0866
0.015475 72.0879
0.01548 72.0892
0.015485 72.0905
0.01549 72.0918
0.015495 72.0931
0.0155 72.0944
0.015505 72.0957
0.01551 72.0969
0.015515 72.0982
0.01552 72.0994
0.015525 72.1007
0.01553 72.1019
0.015535 72.1032
0.01554 72.1044
0.015545 72.1056
0.01555 72.1068
0.015555 72.108
0.01556 72.1092
0.015565 72.1104
0.01557 72.1116
0.015575 72.1128
0.01558 72.1139
0.015585 72.1151
0.01559 72.1162
0.015595 72.1174
0.0156 72.1185
0.015605 72.1196
0.01561 72.1208
0.015615 72.1219
0.01562 72.123
0.015625 72.1241
0.01563 72.1252
0.015635 72.1263
0.01564 72.1273
0.015645 72.1284
0.01565 72.1295
0.015655 72.1305
0.01566 72.1316
0.015665 72.1326
0.01567 72.1337
0.015675 72.1347
0.01568 72.1357
0.015685 72.1367
0.01569 72.1377
0.015695 72.1387
0.0157 72.1397
0.015705 72.1407
0.01571 72.1417
0.015715 72.1426
0.01572 72.1436
0.015725 72.1445
0.01573 72.1455
0.015735 72.1464
0.01574 72.1474
0.015745 72.1483
0.01575 72.1492
0.015755 72.1501
0.01576 72.151
0.015765 72.1519
0.01577 72.1528
0.015775 72.1537
0.01578 72.1545
0.015785 72.1554
0.01579 72.1563
0.015795 72.1571
0.0158 72.1579
0.015805 72.1588
0.01581 72.1596
0.015815 72.1604
0.01582 72.1612
0.015825 72.162
0.01583 72.1628
0.015835 72.1636
0.01584 72.1644
0.015845 72.1652
0.01585 72.166
0.015855 72.1667
0.01586 72.1675
0.015865 72.1682
0.01587 72.169
0.015875 72.1697
0.01588 72.1704
0.015885 72.1711
0.01589 72.1718
0.015895 72.1725
0.0159 72.1732
0.015905 72.1739
0.01591 72.1746
0.015915 72.1753
0.01592 72.176
0.015925 72.1766
0.01593 72.1773
0.015935 72.1779
0.01594 72.1786
0.015945 72.1792
0.01595 72.1798
0.015955 72.1804
0.01596 72.181
0.015965 72.1816
0.01597 72.1822
0.015975 72.1828
0.01598 72.1834
0.015985 72.184
0.01599 72.1845
0.015995 72.1851
0.016 72.1857
0.016005 72.1862
0.01601 72.1867
0.016015 72.1873
0.01602 72.1878
0.016025 72.1883
0.01603 72.1888
0.016035 72.1893
0.01604 72.1898
0.016045 72.1903
0.01605 72.1908
0.016055 72.1913
0.01606 72.1917
0.016065 72.1922
0.01607 72.1927
0.016075 72.1931
0.01608 72.1936
0.016085 72.194
0.01609 72.1944
0.016095 72.1948
0.0161 72.1953
0.016105 72.1957
0.01611 72.1961
0.016115 72.1965
0.01612 72.1968
0.016125 72.1972
0.01613 72.1976
0.016135 72.198
0.01614 72.1983
0.016145 72.1987
0.01615 72.199
0.016155 72.1994
0.01616 72.1997
0.016165 72.2
0.01617 72.2004
0.016175 72.2007
0.01618 72.201
0.016185 72.2013
0.01619 72.2016
0.016195 72.2019
0.0162 72.2021
0.016205 72.2024
0.01621 72.2027
0.016215 72.203
0.01622 72.2032
0.016225 72.2035
0.01623 72.2037
0.016235 72.2039
0.01624 72.2042
0.016245 72.2044
0.01625 72.2046
0.016255 72.2048
0.01626 72.205
0.016265 72.2052
0.01627 72.2054
0.016275 72.2056
0.01628 72.2058
0.016285 72.206
0.01629 72.2061
0.016295 72.2063
0.0163 72.2065
0.016305 72.2066
0.01631 72.2067
0.016315 72.2069
0.01632 72.207
0.016325 72.2071
0.01633 72.2073
0.016335 72.2074
0.01634 72.2075
0.016345 72.2076
0.01635 72.2077
0.016355 72.2078
0.01636 72.2079
0.016365 72.2079
0.01637 72.208
0.016375 72.2081
0.01638 72.2081
0.016385 72.2082
0.01639 72.2082
0.016395 72.2083
0.0164 72.2083
0.016405 72.2084
0.01641 72.2084
0.016415 72.2084
0.01642 72.2084
0.016425 72.2084
0.01643 72.2084
0.016435 72.2084
0.01644 72.2084
0.016445 72.2084
0.01645 72.2084
0.016455 72.2084
0.01646 72.2083
0.016465 72.2083
0.01647 72.2083
0.016475 72.2082
0.01648 72.2082
0.016485 72.2081
0.01649 72.208
0.016495 72.208
0.0165 72.2079
0.016505 72.2078
0.01651 72.2077
0.016515 72.2076
0.01652 72.2076
0.016525 72.2075
0.01653 72.2073
0.016535 72.2072
0.01654 72.2071
0.016545 72.207
0.01655 72.2069
0.016555 72.2068
0.01656 72.2066
0.016565 72.2065
0.01657 72.2063
0.016575 72.2062
0.01658 72.206
0.016585 72.2059
0.01659 72.2057
0.016595 72.2055
0.0166 72.2054
0.016605 72.2052
0.01661 72.205
0.016615 72.2048
0.01662 72.2046
0.016625 72.2044
0.01663 72.2042
0.016635 72.204
0.01664 72.2038
0.016645 72.2036
0.01665 72.2034
0.016655 72.2031
0.01666 72.2029
0.016665 72.2027
0.01667 72.2024
0.016675 72.2022
0.01668 72.2019
0.016685 72.2017
0.01669 72.2014
0.016695 72.2012
0.0167 72.2009
0.016705 72.2006
0.01671 72.2003
0.016715 72.2001
0.01672 72.1998
0.016725 72.1995
0.01673 72.1992
0.016735 72.1989
0.01674 72.1986
0.016745 72.1983
0.01675 72.198
0.016755 72.1977
0.01676 72.1974
0.016765 72.197
0.01677 72.1967
0.016775 72.1964
0.01678 72.196
0.016785 72.1957
0.01679 72.1954
0.016795 72.195
0.0168 72.1947
0.016805 72.1943
0.01681 72.194
0.016815 72.1936
0.01682 72.1932
0.016825 72.1929
0.01683 72.1925
0.016835 72.1921
0.01684 72.1917
0.016845 72.1914
0.01685 72.191
0.016855 72.1906
0.01686 72.1902
0.016865 72.1898
0.01687 72.1894
0.016875 72.189
0.01688 72.1886
0.016885 72.1882
0.01689 72.1877
0.016895 72.1873
0.0169 72.1869
0.016905 72.1865
0.01691 72.186
0.016915 72.1856
0.01692 72.1852
0.016925 72.1847
0.01693 72.1843
0.016935 72.1839
0.01694 72.1834
0.016945 72.183
0.01695 72.1825
0.016955 72.182
0.01696 72.1816
0.016965 72.1811
0.01697 72.1806
0.016975 72.1802
0.01698 72.1797
0.016985 72.1792
0.01699 72.1787
0.016995 72.1783
0.017 72.1778
0.017005 72.1773
0.01701 72.1768
0.017015 72.1763
0.01702 72.1758
0.017025 72.1753
0.01703 72.1748
0.017035 72.1743
0.01704 72.1738
0.017045 72.1733
0.01705 72.1728
0.017055 72.1723
0.01706 72.1717
0.017065 72.1712
0.01707 72.1707
0.017075 72.1702
0.01708 72.1696
0.017085 72.1691
0.01709 72.1686
0.017095 72.168
0.0171 72.1675
0.017105 72.167
0.01711 72.1664
0.017115 72.1659
0.01712 72.1653
0.017125 72.1648
0.01713 72.1642
0.017135 72.1637
0.01714 72.1631
0.017145 72.1625
0.01715 72.162
0.017155 72.1614
0.01716 72.1608
0.017165 72.1603
0.01717 72.1597
0.017175 72.1591
0.01718 72.1586
0.017185 72.158
0.01719 72.1574
0.017195 72.1568
0.0172 72.1562
0.017205 72.1557
0.01721 72.1551
0.017215 72.1545
0.01722 72.1539
0.017225 72.1533
0.01723 72.1527
0.017235 72.1521
0.01724 72.1515
0.017245 72.1509
0.01725 72.1503
0.017255 72.1497
0.01726 72.1491
0.017265 72.1485
0.01727 72.1479
0.017275 72.1473
0.01728 72.1467
0.017285 72.1461
0.01729 72.1454
0.017295 72.1448
0.0173 72.1442
0.017305 72.1436
0.01731 72.143
0.017315 72.1424
0.01732 72.1417
0.017325 72.1411
0.01733 72.1405
0.017335 72.1399
0.01734 72.1392
0.017345 72.1386
0.01735 72.138
0.017355 72.1373
0.01736 72.1367
0.017365 72.1361
0.01737 72.1354
0.017375 72.1348
0.01738 72.1342
0.017385 72.1335
0.01739 72.1329
0.017395 72.1322
0.0174 72.1316
0.017405 72.131
0.01741 72.1303
0.017415 72.1297
0.01742 72.129
0.017425 72.1284
0.01743 72.1277
0.017435 72.1271
0.01744 72.1264
0.017445 72.1258
0.01745 72.1251
0.017455 72.1245
0.01746 72.1238
0.017465 72.1232
0.01747 72.1225
0.017475 72.1219
0.01748 72.1212
0.017485 72.1205
0.01749 72.1199
0.017495 72.1192
0.0175 72.1186
0.017505 72.1179
0.01751 72.1172
0.017515 72.1166
0.01752 72.1159
0.017525 72.1153
0.01753 72.1146
0.017535 72.1139
0.01754 72.1133
0.017545 72.1126
0.01755 72.112
0.017555 72.1113
0.01756 72.1106
0.017565 72.11
0.01757 72.1093
0.017575 72.1086
0.01758 72.108
0.017585 72.1073
0.01759 72.1066
0.017595 72.106
0.0176 72.1053
0.017605 72.1046
0.01761 72.104
0.017615 72.1033
0.01762 72.1026
0.017625 72.102
0.01763 72.1013
0.017635 72.1006
0.01764 72.1
0.017645 72.0993
0.01765 72.0986
0.017655 72.098
0.01766 72.0973
0.017665 72.0966
0.01767 72.0959
0.017675 72.0953
0.01768 72.0946
0.017685 72.0939
0.01769 72.0933
0.017695 72.0926
0.0177 72.0919
0.017705 72.0913
0.01771 72.0906
0.017715 72.0899
0.01772 72.0893
0.017725 72.0886
0.01773 72.0879
0.017735 72.0873
0.01774 72.0866
0.017745 72.0859
0.01775 72.0853
0.017755 72.0846
0.01776 72.0839
0.017765 72.0833
0.01777 72.0826
0.017775 72.082
0.01778 72.0813
0.017785 72.0806
0.01779 72.08
0.017795 72.0793
0.0178 72.0786
0.017805 72.078
0.01781 72.0773
0.017815 72.0767
0.01782 72.076
0.017825 72.0754
0.01783 72.0747
0.017835 72.074
0.01784 72.0734
0.017845 72.0727
0.01785 72.0721
0.017855 72.0714
0.01786 72.0708
0.017865 72.0701
0.01787 72.0695
0.017875 72.0688
0.01788 72.0682
0.017885 72.0675
0.01789 72.0669
0.017895 72.0662
0.0179 72.0656
0.017905 72.0649
0.01791 72.0643
0.017915 72.0636
0.01792 72.063
0.017925 72.0623
0.01793 72.0617
0.017935 72.0611
0.01794 72.0604
0.017945 72.0598
0.01795 72.0591
0.017955 72.0585
0.01796 72.0579
0.017965 72.0572
0.01797 72.0566
0.017975 72.056
0.01798 72.0553
0.017985 72.0547
0.01799 72.0541
0.017995 72.0534
0.018 72.0528
0.018005 72.0522
0.01801 72.0515
0.018015 72.0509
0.01802 72.0503
0.018025 72.0497
0.01803 72.0491
0.018035 72.0484
0.01804 72.0478
0.018045 72.0472
0.01805 72.0466
0.018055 72.046
0.01806 72.0454
0.018065 72.0447
0.01807 72.0441
0.018075 72.0435
0.01808 72.0429
0.018085 72.0423
0.01809 72.0417
0.018095 72.0411
0.0181 72.0405
0.018105 72.0399
0.01811 72.0393
0.018115 72.0387
0.01812 72.0381
0.018125 72.0375
0.01813 72.0369
0.018135 72.0363
0.01814 72.0357
0.018145 72.0351
0.01815 72.0345
0.018155 72.0339
0.01816 72.0333
0.018165 72.0328
0.01817 72.0322
0.018175 72.0316
0.01818 72.031
0.018185 72.0304
0.01819 72.0299
0.018195 72.0293
0.0182 72.0287
0.018205 72.0281
0.01821 72.0276
0.018215 72.027
0.01822 72.0264
0.018225 72.0259
0.01823 72.0253
0.018235 72.0247
0.01824 72.0242
0.018245 72.0236
0.01825 72.023
0.018255 72.0225
0.01826 72.0219
0.018265 72.0214
0.01827 72.0208
0.018275 72.0203
0.01828 72.0197
0.018285 72.0192
0.01829 72.0186
0.018295 72.0181
0.0183 72.0175
0.018305 72.017
0.01831 72.0165
0.018315 72.0159
0.01832 72.0154
0.018325 72.0149
0.01833 72.0143
0.018335 72.0138
0.01834 72.0133
0.018345 72.0128
0.01835 72.0122
0.018355 72.0117
0.01836 72.0112
0.018365 72.0107
0.01837 72.0102
0.018375 72.0096
0.01838 72.0091
0.018385 72.0086
0.01839 72.0081
0.018395 72.0076
0.0184 72.0071
0.018405 72.0066
0.01841 72.0061
0.018415 72.0056
0.01842 72.0051
0.018425 72.0046
0.01843 72.0041
0.018435 72.0036
0.01844 72.0031
0.018445 72.0026
0.01845 72.0022
0.018455 72.0017
0.01846 72.0012
0.018465 72.0007
0.01847 72.0002
0.018475 71.9998
0.01848 71.9993
0.018485 71.9988
0.01849 71.9983
0.018495 71.9979
0.0185 71.9974
0.018505 71.9969
0.01851 71.9965
0.018515 71.996
0.01852 71.9956
0.018525 71.9951
0.01853 71.9947
0.018535 71.9942
0.01854 71.9938
0.018545 71.9933
0.01855 71.9929
0.018555 71.9924
0.01856 71.992
0.018565 71.9915
0.01857 71.9911
0.018575 71.9907
0.01858 71.9902
0.018585 71.9898
0.01859 71.9894
0.018595 71.9889
0.0186 71.9885
0.018605 71.9881
0.01861 71.9877
0.018615 71.9873
0.01862 71.9868
0.018625 71.9864
0.01863 71.986
0.018635 71.9856
0.01864 71.9852
0.018645 71.9848
0.01865 71.9844
0.018655 71.984
0.01866 71.9836
0.018665 71.9832
0.01867 71.9828
0.018675 71.9824
0.01868 71.982
0.018685 71.9816
0.01869 71.9813
0.018695 71.9809
0.0187 71.9805
0.018705 71.9801
0.01871 71.9797
0.018715 71.9794
0.01872 71.979
0.018725 71.9786
0.01873 71.9782
0.018735 71.9779
0.01874 71.9775
0.018745 71.9772
0.01875 71.9768
0.018755 71.9764
0.01876 71.9761
0.018765 71.9757
0.01877 71.9754
0.018775 71.975
0.01878 71.9747
0.018785 71.9743
0.01879 71.974
0.018795 71.9737
0.0188 71.9733
0.018805 71.973
0.01881 71.9727
0.018815 71.9723
0.01882 71.972
0.018825 71.9717
0.01883 71.9713
0.018835 71.971
0.01884 71.9707
0.018845 71.9704
0.01885 71.9701
0.018855 71.9698
0.01886 71.9694
0.018865 71.9691
0.01887 71.9688
0.018875 71.9685
0.01888 71.9682
0.018885 71.9679
0.01889 71.9676
0.018895 71.9673
0.0189 71.967
0.018905 71.9667
0.01891 71.9665
0.018915 71.9662
0.01892 71.9659
0.018925 71.9656
0.01893 71.9653
0.018935 71.965
0.01894 71.9648
0.018945 71.9645
0.01895 71.9642
0.018955 71.964
0.01896 71.9637
0.018965 71.9634
0.01897 71.9632
0.018975 71.9629
0.01898 71.9627
0.018985 71.9624
0.01899 71.9621
0.018995 71.9619
0.019 71.9616
0.019005 71.9614
0.01901 71.9612
0.019015 71.9609
0.01902 71.9607
0.019025 71.9604
0.01903 71.9602
0.019035 71.96
0.01904 71.9597
0.019045 71.9595
0.01905 71.9593
0.019055 71.959
0.01906 71.9588
0.019065 71.9586
0.01907 71.9584
0.019075 71.9582
0.01908 71.958
0.019085 71.9577
0.01909 71.9575
0.019095 71.9573
0.0191 71.9571
0.019105 71.9569
0.01911 71.9567
0.019115 71.9565
0.01912 71.9563
0.019125 71.9561
0.01913 71.9559
0.019135 71.9557
0.01914 71.9556
0.019145 71.9554
0.01915 71.9552
0.019155 71.955
0.01916 71.9548
0.019165 71.9547
0.01917 71.9545
0.019175 71.9543
0.01918 71.9541
0.019185 71.954
0.01919 71.9538
0.019195 71.9536
0.0192 71.9535
0.019205 71.9533
0.01921 71.9532
0.019215 71.953
0.01922 71.9528
0.019225 71.9527
0.01923 71.9525
0.019235 71.9524
0.01924 71.9522
0.019245 71.9521
0.01925 71.952
0.019255 71.9518
0.01926 71.9517
0.019265 71.9515
0.01927 71.9514
0.019275 71.9513
0.01928 71.9512
0.019285 71.951
0.01929 71.9509
0.019295 71.9508
0.0193 71.9507
0.019305 71.9505
0.01931 71.9504
0.019315 71.9503
0.01932 71.9502
0.019325 71.9501
0.01933 71.95
0.019335 71.9499
0.01934 71.9498
0.019345 71.9497
0.01935 71.9496
0.019355 71.9495
0.01936 71.9494
0.019365 71.9493
0.01937 71.9492
0.019375 71.9491
0.01938 71.949
0.019385 71.9489
0.01939 71.9488
0.019395 71.9487
0.0194 71.9487
0.019405 71.9486
0.01941 71.9485
0.019415 71.9484
0.01942 71.9483
0.019425 71.9483
0.01943 71.9482
0.019435 71.9481
0.01944 71.9481
0.019445 71.948
0.01945 71.9479
0.019455 71.9479
0.01946 71.9478
0.019465 71.9478
0.01947 71.9477
0.019475 71.9477
0.01948 71.9476
0.019485 71.9476
0.01949 71.9475
0.019495 71.9475
0.0195 71.9474
0.019505 71.9474
0.01951 71.9473
0.019515 71.9473
0.01952 71.9473
0.019525 71.9472
0.01953 71.9472
0.019535 71.9472
0.01954 71.9471
0.019545 71.9471
0.01955 71.9471
0.019555 71.9471
0.01956 71.947
0.019565 71.947
0.01957 71.947
0.019575 71.947
0.01958 71.947
0.019585 71.9469
0.01959 71.9469
0.019595 71.9469
0.0196 71.9469
0.019605 71.9469
0.01961 71.9469
0.019615 71.9469
0.01962 71.9469
0.019625 71.9469
0.01963 71.9469
0.019635 71.9469
0.01964 71.9469
0.019645 71.9469
0.01965 71.9469
0.019655 71.9469
0.01966 71.9469
0.019665 71.947
0.01967 71.947
0.019675 71.947
0.01968 71.947
0.019685 71.947
0.01969 71.947
0.019695 71.9471
0.0197 71.9471
0.019705 71.9471
0.01971 71.9471
0.019715 71.9472
0.01972 71.9472
0.019725 71.9472
0.01973 71.9473
0.019735 71.9473
0.01974 71.9473
0.019745 71.9474
0.01975 71.9474
0.019755 71.9475
0.01976 71.9475
0.019765 71.9476
0.01977 71.9476
0.019775 71.9476
0.01978 71.9477
0.019785 71.9477
0.01979 71.9478
0.019795 71.9478
0.0198 71.9479
0.019805 71.948
0.01981 71.948
0.019815 71.9481
0.01982 71.9481
0.019825 71.9482
0.01983 71.9483
0.019835 71.9483
0.01984 71.9484
0.019845 71.9485
0.01985 71.9485
0.019855 71.9486
0.01986 71.9487
0.019865 71.9487
0.01987 71.9488
0.019875 71.9489
0.01988 71.949
0.019885 71.949
0.01989 71.9491
0.019895 71.9492
0.0199 71.9493
0.019905 71.9494
0.01991 71.9495
0.019915 71.9495
0.01992 71.9496
0.019925 71.9497
0.01993 71.9498
0.019935 71.9499
0.01994 71.95
0.019945 71.9501
0.01995 71.9502
0.019955 71.9503
0.01996 71.9504
0.019965 71.9505
0.01997 71.9506
0.019975 71.9507
0.01998 71.9508
0.019985 71.9509
0.01999 71.951
0.019995 71.9511
0.02 71.9512
