0 0
5e-05 20
0.0001 19.5425
0.00015 19.5134
0.0002 19.6885
0.00025 20.0488
0.0003 20.5866
0.00035 21.294
0.0004 22.1627
0.00045 23.1843
0.0005 24.3503
0.00055 25.6523
0.0006 27.0816
0.00065 28.6296
0.0007 30.2876
0.00075 32.0471
0.0008 33.8994
0.00085 35.8361
0.0009 37.8487
0.00095 39.9289
0.001 42.0686
0.00105 44.2596
0.0011 46.4941
0.00115 48.7644
0.0012 51.063
0.00125 53.3824
0.0013 55.7157
0.00135 58.0559
0.0014 60.3964
0.00145 62.7308
0.0015 65.0529
0.00155 67.3569
0.0016 69.6371
0.00165 71.8882
0.0017 74.1052
0.00175 76.2832
0.0018 78.4178
0.00185 80.5047
0.0019 82.54
0.00195 84.5201
0.002 86.4416
0.00205 88.3015
0.0021 90.0969
0.00215 91.8254
0.0022 93.4847
0.00225 95.0729
0.0023 96.5883
0.00235 98.0294
0.0024 99.395
0.00245 100.684
0.0025 101.897
0.00255 103.031
0.0026 104.088
0.00265 105.068
0.0027 105.97
0.00275 106.795
0.0028 107.543
0.00285 108.216
0.0029 108.814
0.00295 109.338
0.003 109.79
0.00305 110.172
0.0031 110.484
0.00315 110.728
0.0032 110.907
0.00325 111.023
0.0033 111.076
0.00335 111.071
0.0034 111.008
0.00345 110.89
0.0035 110.719
0.00355 110.498
0.0036 110.229
0.00365 109.916
0.0037 109.559
0.00375 109.162
0.0038 108.728
0.00385 108.259
0.0039 107.758
0.00395 107.226
0.004 106.668
0.00405 106.084
0.0041 105.479
0.00415 104.853
0.0042 104.211
0.00425 103.553
0.0043 102.883
0.00435 102.203
0.0044 101.515
0.00445 100.821
0.0045 100.123
0.00455 99.4232
0.0046 98.724
0.00465 98.0269
0.0047 97.3339
0.00475 96.6466
0.0048 95.9667
0.00485 95.2958
0.0049 94.6354
0.00495 93.9869
0.005 93.3517
0.00505 92.7309
0.0051 92.1257
0.00515 91.5373
0.0052 90.9665
0.00525 90.4143
0.0053 89.8816
0.00535 89.369
0.0054 88.8771
0.00545 88.4067
0.0055 87.9581
0.00555 87.5317
0.0056 87.128
0.00565 86.7471
0.0057 86.3892
0.00575 86.0546
0.0058 85.7432
0.00585 85.4549
0.0059 85.1899
0.00595 84.9478
0.006 84.7285
0.00605 84.5318
0.0061 84.3574
0.00615 84.2049
0.0062 84.0739
0.00625 83.9639
0.0063 83.8745
0.00635 83.8052
0.0064 83.7554
0.00645 83.7246
0.0065 83.712
0.00655 83.7171
0.0066 83.7392
0.00665 83.7775
0.0067 83.8315
0.00675 83.9003
0.0068 83.9833
0.00685 84.0796
0.0069 84.1885
0.00695 84.3092
0.007 84.4411
0.00705 84.5832
0.0071 84.7348
0.00715 84.8953
0.0072 85.0637
0.00725 85.2394
0.0073 85.4215
0.00735 85.6094
0.0074 85.8024
0.00745 85.9996
0.0075 86.2005
0.00755 86.4043
0.0076 86.6104
0.00765 86.8181
0.0077 87.0268
0.00775 87.2359
0.0078 87.4448
0.00785 87.6529
0.0079 87.8597
0.00795 88.0647
0.008 88.2674
0.00805 88.4674
0.0081 88.6641
0.00815 88.8571
0.0082 89.0462
0.00825 89.2308
0.0083 89.4107
0.00835 89.5856
0.0084 89.7551
0.00845 89.919
0.0085 90.0771
0.00855 90.2291
0.0086 90.3749
0.00865 90.5142
0.0087 90.647
0.00875 90.7731
0.0088 90.8925
0.00885 91.005
0.0089 91.1106
0.00895 91.2092
0.009 91.301
0.00905 91.3858
0.0091 91.4637
0.00915 91.5347
0.0092 91.5989
0.00925 91.6564
0.0093 91.7073
0.00935 91.7516
0.0094 91.7895
0.00945 91.8212
0.0095 91.8467
0.00955 91.8663
0.0096 91.8801
0.00965 91.8882
0.0097 91.891
0.00975 91.8884
0.0098 91.8809
0.00985 91.8685
0.0099 91.8515
0.00995 91.8301
0.01 91.8045
0.01005 91.775
0.0101 91.7418
0.01015 91.705
0.0102 91.665
0.01025 91.622
0.0103 91.5761
0.01035 91.5277
0.0104 91.4769
0.01045 91.424
0.0105 91.3693
0.01055 91.3128
0.0106 91.2549
0.01065 91.1957
0.0107 91.1355
0.01075 91.0744
0.0108 91.0127
0.01085 90.9506
0.0109 90.8882
0.01095 90.8257
0.011 90.7633
0.01105 90.7012
0.0111 90.6395
0.01115 90.5783
0.0112 90.5179
0.01125 90.4583
0.0113 90.3997
0.01135 90.3422
0.0114 90.286
0.01145 90.2311
0.0115 90.1776
0.01155 90.1256
0.0116 90.0753
0.01165 90.0267
0.0117 89.9798
0.01175 89.9347
0.0118 89.8915
0.01185 89.8502
0.0119 89.8109
0.01195 89.7736
0.012 89.7383
0.01205 89.7051
0.0121 89.674
0.01215 89.6449
0.0122 89.6179
0.01225 89.5929
0.0123 89.57
0.01235 89.5492
0.0124 89.5304
0.01245 89.5136
0.0125 89.4988
0.01255 89.4859
0.0126 89.4749
0.01265 89.4658
0.0127 89.4585
0.01275 89.453
0.0128 89.4492
0.01285 89.4471
0.0129 89.4466
0.01295 89.4477
0.013 89.4502
0.01305 89.4542
0.0131 89.4595
0.01315 89.4661
0.0132 89.474
0.01325 89.4831
0.0133 89.4932
0.01335 89.5044
0.0134 89.5165
0.01345 89.5295
0.0135 89.5434
0.01355 89.558
0.0136 89.5733
0.01365 89.5892
0.0137 89.6057
0.01375 89.6227
0.0138 89.6401
0.01385 89.6578
0.0139 89.6759
0.01395 89.6941
0.014 89.7126
0.01405 89.7312
0.0141 89.7499
0.01415 89.7685
0.0142 89.7872
0.01425 89.8057
0.0143 89.8241
0.01435 89.8424
0.0144 89.8604
0.01445 89.8781
0.0145 89.8956
0.01455 89.9127
0.0146 89.9294
0.01465 89.9457
0.0147 89.9616
0.01475 89.9771
0.0148 89.992
0.01485 90.0065
0.0149 90.0204
0.01495 90.0337
0.015 90.0465
0.01505 90.0588
0.0151 90.0704
0.01515 90.0814
0.0152 90.0918
0.01525 90.1017
0.0153 90.1109
0.01535 90.1194
0.0154 90.1274
0.01545 90.1347
0.0155 90.1414
0.01555 90.1475
0.0156 90.153
0.01565 90.158
0.0157 90.1623
0.01575 90.166
0.0158 90.1692
0.01585 90.1718
0.0159 90.1739
0.01595 90.1754
0.016 90.1764
0.01605 90.177
0.0161 90.177
0.01615 90.1766
0.0162 90.1758
0.01625 90.1745
0.0163 90.1729
0.01635 90.1708
0.0164 90.1684
0.01645 90.1656
0.0165 90.1625
0.01655 90.1591
0.0166 90.1554
0.01665 90.1515
0.0167 90.1473
0.01675 90.1429
0.0168 90.1383
0.01685 90.1335
0.0169 90.1286
0.01695 90.1235
0.017 90.1182
0.01705 90.1129
0.0171 90.1075
0.01715 90.102
0.0172 90.0965
0.01725 90.0909
0.0173 90.0854
0.01735 90.0798
0.0174 90.0742
0.01745 90.0687
0.0175 90.0632
0.01755 90.0578
0.0176 90.0524
0.01765 90.0471
0.0177 90.0419
0.01775 90.0368
0.0178 90.0318
0.01785 90.027
0.0179 90.0223
0.01795 90.0177
0.018 90.0132
0.01805 90.0089
0.0181 90.0048
0.01815 90.0009
0.0182 89.9971
0.01825 89.9934
0.0183 89.99
0.01835 89.9867
0.0184 89.9837
0.01845 89.9808
0.0185 89.9781
0.01855 89.9755
0.0186 89.9732
0.01865 89.971
0.0187 89.9691
0.01875 89.9673
0.0188 89.9657
0.01885 89.9642
0.0189 89.963
0.01895 89.9619
0.019 89.961
0.01905 89.9602
0.0191 89.9596
0.01915 89.9592
0.0192 89.9589
0.01925 89.9588
0.0193 89.9588
0.01935 89.9589
0.0194 89.9592
0.01945 89.9596
0.0195 89.9601
0.01955 89.9608
0.0196 89.9615
0.01965 89.9624
0.0197 89.9633
0.01975 89.9643
0.0198 89.9655
0.01985 89.9666
0.0199 89.9679
0.01995 89.9692
0.02 89.9706
0.02005 89.9721
0.0201 89.9736
0.02015 89.9751
0.0202 89.9767
0.02025 89.9783
0.0203 89.9799
0.02035 89.9815
0.0204 89.9832
0.02045 89.9848
0.0205 89.9865
0.02055 89.9882
0.0206 89.9898
0.02065 89.9915
0.0207 89.9931
0.02075 89.9947
0.0208 89.9963
0.02085 89.9979
0.0209 89.9995
0.02095 90.001
0.021 90.0025
0.02105 90.0039
0.0211 90.0053
0.02115 90.0067
0.0212 90.008
0.02125 90.0093
0.0213 90.0105
0.02135 90.0117
0.0214 90.0128
0.02145 90.0139
0.0215 90.0149
0.02155 90.0158
0.0216 90.0167
0.02165 90.0176
0.0217 90.0184
0.02175 90.0191
0.0218 90.0198
0.02185 90.0205
0.0219 90.021
0.02195 90.0216
0.022 90.022
0.02205 90.0225
0.0221 90.0228
0.02215 90.0231
0.0222 90.0234
0.02225 90.0236
0.0223 90.0238
0.02235 90.0239
0.0224 90.024
0.02245 90.024
0.0225 90.024
0.02255 90.0239
0.0226 90.0239
0.02265 90.0237
0.0227 90.0236
0.02275 90.0234
0.0228 90.0231
0.02285 90.0229
0.0229 90.0226
0.02295 90.0223
0.023 90.0219
0.02305 90.0216
0.0231 90.0212
0.02315 90.0208
0.0232 90.0204
0.02325 90.02
0.0233 90.0195
0.02335 90.019
0.0234 90.0186
0.02345 90.0181
0.0235 90.0176
0.02355 90.0171
0.0236 90.0166
0.02365 90.0161
0.0237 90.0156
0.02375 90.0151
0.0238 90.0146
0.02385 90.0141
0.0239 90.0137
0.02395 90.0132
0.024 90.0127
0.02405 90.0122
0.0241 90.0118
0.02415 90.0113
0.0242 90.0109
0.02425 90.0104
0.0243 90.01
0.02435 90.0096
0.0244 90.0092
0.02445 90.0089
0.0245 90.0085
0.02455 90.0081
0.0246 90.0078
0.02465 90.0075
0.0247 90.0072
0.02475 90.0069
0.0248 90.0066
0.02485 90.0064
0.0249 90.0061
0.02495 90.0059
0.025 90.0057
0.02505 90.0055
0.0251 90.0054
0.02515 90.0052
0.0252 90.0051
0.02525 90.005
0.0253 90.0049
0.02535 90.0048
0.0254 90.0047
0.02545 90.0046
0.0255 90.0046
0.02555 90.0045
0.0256 90.0045
0.02565 90.0045
0.0257 90.0045
0.02575 90.0045
0.0258 90.0046
0.02585 90.0046
0.0259 90.0047
0.02595 90.0047
0.026 90.0048
0.02605 90.0049
0.0261 90.005
0.02615 90.005
0.0262 90.0052
0.02625 90.0053
0.0263 90.0054
0.02635 90.0055
0.0264 90.0056
0.02645 90.0058
0.0265 90.0059
0.02655 90.006
0.0266 90.0062
0.02665 90.0063
0.0267 90.0065
0.02675 90.0066
0.0268 90.0068
0.02685 90.0069
0.0269 90.007
0.02695 90.0072
0.027 90.0073
0.02705 90.0075
0.0271 90.0076
0.02715 90.0078
0.0272 90.0079
0.02725 90.0081
0.0273 90.0082
0.02735 90.0083
0.0274 90.0085
0.02745 90.0086
0.0275 90.0087
0.02755 90.0088
0.0276 90.009
0.02765 90.0091
0.0277 90.0092
0.02775 90.0093
0.0278 90.0094
0.02785 90.0095
0.0279 90.0096
0.02795 90.0096
0.028 90.0097
0.02805 90.0098
0.0281 90.0099
0.02815 90.0099
0.0282 90.01
0.02825 90.01
0.0283 90.0101
0.02835 90.0101
0.0284 90.0102
0.02845 90.0102
0.0285 90.0102
0.02855 90.0103
0.0286 90.0103
0.02865 90.0103
0.0287 90.0103
0.02875 90.0103
0.0288 90.0103
0.02885 90.0103
0.0289 90.0103
0.02895 90.0103
0.029 90.0103
0.02905 90.0103
0.0291 90.0103
0.02915 90.0103
0.0292 90.0103
0.02925 90.0102
0.0293 90.0102
0.02935 90.0102
0.0294 90.0101
0.02945 90.0101
0.0295 90.0101
0.02955 90.01
0.0296 90.01
0.02965 90.01
0.0297 90.0099
0.02975 90.0099
0.0298 90.0098
0.02985 90.0098
0.0299 90.0098
0.02995 90.0097
0.03 90.0097
0.03005 90.0096
0.0301 90.0096
0.03015 90.0095
0.0302 90.0095
0.03025 90.0094
0.0303 90.0094
0.03035 90.0094
0.0304 90.0093
0.03045 90.0093
0.0305 90.0092
0.03055 90.0092
0.0306 90.0092
0.03065 90.0091
0.0307 90.0091
0.03075 90.009
0.0308 90.009
0.03085 90.009
0.0309 90.0089
0.03095 90.0089
0.031 90.0089
0.03105 90.0089
0.0311 90.0088
0.03115 90.0088
0.0312 90.0088
0.03125 90.0088
0.0313 90.0087
0.03135 90.0087
0.0314 90.0087
0.03145 90.0087
0.0315 90.0087
0.03155 90.0087
0.0316 90.0086
0.03165 90.0086
0.0317 90.0086
0.03175 90.0086
0.0318 90.0086
0.03185 90.0086
0.0319 90.0086
0.03195 90.0086
0.032 90.0086
0.03205 90.0086
0.0321 90.0086
0.03215 90.0086
0.0322 90.0086
0.03225 90.0086
0.0323 90.0086
0.03235 90.0086
0.0324 90.0086
0.03245 90.0086
0.0325 90.0086
0.03255 90.0087
0.0326 90.0087
0.03265 90.0087
0.0327 90.0087
0.03275 90.0087
0.0328 90.0087
0.03285 90.0087
0.0329 90.0087
0.03295 90.0087
0.033 90.0088
0.03305 90.0088
0.0331 90.0088
0.03315 90.0088
0.0332 90.0088
0.03325 90.0088
0.0333 90.0088
0.03335 90.0088
0.0334 90.0089
0.03345 90.0089
0.0335 90.0089
0.03355 90.0089
0.0336 90.0089
0.03365 90.0089
0.0337 90.0089
0.03375 90.0089
0.0338 90.009
0.03385 90.009
0.0339 90.009
0.03395 90.009
0.034 90.009
0.03405 90.009
0.0341 90.009
0.03415 90.009
0.0342 90.009
0.03425 90.009
0.0343 90.0091
0.03435 90.0091
0.0344 90.0091
0.03445 90.0091
0.0345 90.0091
0.03455 90.0091
0.0346 90.0091
0.03465 90.0091
0.0347 90.0091
0.03475 90.0091
0.0348 90.0091
0.03485 90.0091
0.0349 90.0091
0.03495 90.0091
0.035 90.0091
0.03505 90.0091
0.0351 90.0091
0.03515 90.0091
0.0352 90.0091
0.03525 90.0091
0.0353 90.0091
0.03535 90.0091
0.0354 90.0091
0.03545 90.0091
0.0355 90.0091
0.03555 90.0091
0.0356 90.0091
0.03565 90.0091
0.0357 90.0091
0.03575 90.0091
0.0358 90.0091
0.03585 90.0091
0.0359 90.0091
0.03595 90.0091
0.036 90.0091
0.03605 90.0091
0.0361 90.0091
0.03615 90.0091
0.0362 90.0091
0.03625 90.0091
0.0363 90.0091
0.03635 90.0091
0.0364 90.0091
0.03645 90.0091
0.0365 90.0091
0.03655 90.009
0.0366 90.009
0.03665 90.009
0.0367 90.009
0.03675 90.009
0.0368 90.009
0.03685 90.009
0.0369 90.009
0.03695 90.009
0.037 90.009
0.03705 90.009
0.0371 90.009
0.03715 90.009
0.0372 90.009
0.03725 90.009
0.0373 90.009
0.03735 90.009
0.0374 90.009
0.03745 90.009
0.0375 90.009
0.03755 90.009
0.0376 90.009
0.03765 90.009
0.0377 90.009
0.03775 90.009
0.0378 90.009
0.03785 90.009
0.0379 90.009
0.03795 90.009
0.038 90.009
0.03805 90.009
0.0381 90.009
0.03815 90.009
0.0382 90.009
0.03825 90.009
0.0383 90.009
0.03835 90.009
0.0384 90.009
0.03845 90.009
0.0385 90.009
0.03855 90.009
0.0386 90.009
0.03865 90.009
0.0387 90.009
0.03875 90.009
0.0388 90.009
0.03885 90.009
0.0389 90.009
0.03895 90.009
0.039 90.009
0.03905 90.009
0.0391 90.009
0.03915 90.009
0.0392 90.009
0.03925 90.009
0.0393 90.009
0.03935 90.009
0.0394 90.009
0.03945 90.009
0.0395 90.009
0.03955 90.009
0.0396 90.009
0.03965 90.009
0.0397 90.009
0.03975 90.009
0.0398 90.009
0.03985 90.009
0.0399 90.009
0.03995 90.009
0.04 90.009
0.04005 90.009
0.0401 90.009
0.04015 90.009
0.0402 90.009
0.04025 90.009
0.0403 90.009
0.04035 90.009
0.0404 90.009
0.04045 90.009
0.0405 90.009
0.04055 90.009
0.0406 90.009
0.04065 90.009
0.0407 90.009
0.04075 90.009
0.0408 90.009
0.04085 90.009
0.0409 90.009
0.04095 90.009
0.041 90.009
0.04105 90.009
0.0411 90.009
0.04115 90.009
0.0412 90.009
0.04125 90.009
0.0413 90.009
0.04135 90.009
0.0414 90.009
0.04145 90.009
0.0415 90.009
0.04155 90.009
0.0416 90.009
0.04165 90.009
0.0417 90.009
0.04175 90.009
0.0418 90.009
0.04185 90.009
0.0419 90.009
0.04195 90.009
0.042 90.009
0.04205 90.009
0.0421 90.009
0.04215 90.009
0.0422 90.009
0.04225 90.009
0.0423 90.009
0.04235 90.009
0.0424 90.009
0.04245 90.009
0.0425 90.009
0.04255 90.009
0.0426 90.009
0.04265 90.009
0.0427 90.009
0.04275 90.009
0.0428 90.009
0.04285 90.009
0.0429 90.009
0.04295 90.009
0.043 90.009
0.04305 90.009
0.0431 90.009
0.04315 90.009
0.0432 90.009
0.04325 90.009
0.0433 90.009
0.04335 90.009
0.0434 90.009
0.04345 90.009
0.0435 90.009
0.04355 90.009
0.0436 90.009
0.04365 90.009
0.0437 90.009
0.04375 90.009
0.0438 90.009
0.04385 90.009
0.0439 90.009
0.04395 90.009
0.044 90.009
0.04405 90.009
0.0441 90.009
0.04415 90.009
0.0442 90.009
0.04425 90.009
0.0443 90.009
0.04435 90.009
0.0444 90.009
0.04445 90.009
0.0445 90.009
0.04455 90.009
0.0446 90.009
0.04465 90.009
0.0447 90.009
0.04475 90.009
0.0448 90.009
0.04485 90.009
0.0449 90.009
0.04495 90.009
0.045 90.009
0.04505 90.009
0.0451 90.009
0.04515 90.009
0.0452 90.009
0.04525 90.009
0.0453 90.009
0.04535 90.009
0.0454 90.009
0.04545 90.009
0.0455 90.009
0.04555 90.009
0.0456 90.009
0.04565 90.009
0.0457 90.009
0.04575 90.009
0.0458 90.009
0.04585 90.009
0.0459 90.009
0.04595 90.009
0.046 90.009
0.04605 90.009
0.0461 90.009
0.04615 90.009
0.0462 90.009
0.04625 90.009
0.0463 90.009
0.04635 90.009
0.0464 90.009
0.04645 90.009
0.0465 90.009
0.04655 90.009
0.0466 90.009
0.04665 90.009
0.0467 90.009
0.04675 90.009
0.0468 90.009
0.04685 90.009
0.0469 90.009
0.04695 90.009
0.047 90.009
0.04705 90.009
0.0471 90.009
0.04715 90.009
0.0472 90.009
0.04725 90.009
0.0473 90.009
0.04735 90.009
0.0474 90.009
0.04745 90.009
0.0475 90.009
0.04755 90.009
0.0476 90.009
0.04765 90.009
0.0477 90.009
0.04775 90.009
0.0478 90.009
0.04785 90.009
0.0479 90.009
0.04795 90.009
0.048 90.009
0.04805 90.009
0.0481 90.009
0.04815 90.009
0.0482 90.009
0.04825 90.009
0.0483 90.009
0.04835 90.009
0.0484 90.009
0.04845 90.009
0.0485 90.009
0.04855 90.009
0.0486 90.009
0.04865 90.009
0.0487 90.009
0.04875 90.009
0.0488 90.009
0.04885 90.009
0.0489 90.009
0.04895 90.009
0.049 90.009
0.04905 90.009
0.0491 90.009
0.04915 90.009
0.0492 90.009
0.04925 90.009
0.0493 90.009
0.04935 90.009
0.0494 90.009
0.04945 90.009
0.0495 90.009
0.04955 90.009
0.0496 90.009
0.04965 90.009
0.0497 90.009
0.04975 90.009
0.0498 90.009
0.04985 90.009
0.0499 90.009
0.04995 90.009
0.05 90.009
0.05005 90.009
0.0501 90.009
0.05015 90.009
0.0502 90.009
0.05025 90.009
0.0503 90.009
0.05035 90.009
0.0504 90.009
0.05045 90.009
0.0505 90.009
0.05055 90.009
0.0506 90.009
0.05065 90.009
0.0507 90.009
0.05075 90.009
0.0508 90.009
0.05085 90.009
0.0509 90.009
0.05095 90.009
0.051 90.009
0.05105 90.009
0.0511 90.009
0.05115 90.009
0.0512 90.009
0.05125 90.009
0.0513 90.009
0.05135 90.009
0.0514 90.009
0.05145 90.009
0.0515 90.009
0.05155 90.009
0.0516 90.009
0.05165 90.009
0.0517 90.009
0.05175 90.009
0.0518 90.009
0.05185 90.009
0.0519 90.009
0.05195 90.009
0.052 90.009
0.05205 90.009
0.0521 90.009
0.05215 90.009
0.0522 90.009
0.05225 90.009
0.0523 90.009
0.05235 90.009
0.0524 90.009
0.05245 90.009
0.0525 90.009
0.05255 90.009
0.0526 90.009
0.05265 90.009
0.0527 90.009
0.05275 90.009
0.0528 90.009
0.05285 90.009
0.0529 90.009
0.05295 90.009
0.053 90.009
0.05305 90.009
0.0531 90.009
0.05315 90.009
0.0532 90.009
0.05325 90.009
0.0533 90.009
0.05335 90.009
0.0534 90.009
0.05345 90.009
0.0535 90.009
0.05355 90.009
0.0536 90.009
0.05365 90.009
0.0537 90.009
0.05375 90.009
0.0538 90.009
0.05385 90.009
0.0539 90.009
0.05395 90.009
0.054 90.009
0.05405 90.009
0.0541 90.009
0.05415 90.009
0.0542 90.009
0.05425 90.009
0.0543 90.009
0.05435 90.009
0.0544 90.009
0.05445 90.009
0.0545 90.009
0.05455 90.009
0.0546 90.009
0.05465 90.009
0.0547 90.009
0.05475 90.009
0.0548 90.009
0.05485 90.009
0.0549 90.009
0.05495 90.009
0.055 90.009
0.05505 90.009
0.0551 90.009
0.05515 90.009
0.0552 90.009
0.05525 90.009
0.0553 90.009
0.05535 90.009
0.0554 90.009
0.05545 90.009
0.0555 90.009
0.05555 90.009
0.0556 90.009
0.05565 90.009
0.0557 90.009
0.05575 90.009
0.0558 90.009
0.05585 90.009
0.0559 90.009
0.05595 90.009
0.056 90.009
0.05605 90.009
0.0561 90.009
0.05615 90.009
0.0562 90.009
0.05625 90.009
0.0563 90.009
0.05635 90.009
0.0564 90.009
0.05645 90.009
0.0565 90.009
0.05655 90.009
0.0566 90.009
0.05665 90.009
0.0567 90.009
0.05675 90.009
0.0568 90.009
0.05685 90.009
0.0569 90.009
0.05695 90.009
0.057 90.009
0.05705 90.009
0.0571 90.009
0.05715 90.009
0.0572 90.009
0.05725 90.009
0.0573 90.009
0.05735 90.009
0.0574 90.009
0.05745 90.009
0.0575 90.009
0.05755 90.009
0.0576 90.009
0.05765 90.009
0.0577 90.009
0.05775 90.009
0.0578 90.009
0.05785 90.009
0.0579 90.009
0.05795 90.009
0.058 90.009
0.05805 90.009
0.0581 90.009
0.05815 90.009
0.0582 90.009
0.05825 90.009
0.0583 90.009
0.05835 90.009
0.0584 90.009
0.05845 90.009
0.0585 90.009
0.05855 90.009
0.0586 90.009
0.05865 90.009
0.0587 90.009
0.05875 90.009
0.0588 90.009
0.05885 90.009
0.0589 90.009
0.05895 90.009
0.059 90.009
0.05905 90.009
0.0591 90.009
0.05915 90.009
0.0592 90.009
0.05925 90.009
0.0593 90.009
0.05935 90.009
0.0594 90.009
0.05945 90.009
0.0595 90.009
0.05955 90.009
0.0596 90.009
0.05965 90.009
0.0597 90.009
0.05975 90.009
0.0598 90.009
0.05985 90.009
0.0599 90.009
0.05995 90.009
0.06 90.009
0.06005 90.009
0.0601 90.009
0.06015 90.009
0.0602 90.009
0.06025 90.009
0.0603 90.009
0.06035 90.009
0.0604 90.009
0.06045 90.009
0.0605 90.009
0.06055 90.009
0.0606 90.009
0.06065 90.009
0.0607 90.009
0.06075 90.009
0.0608 90.009
0.06085 90.009
0.0609 90.009
0.06095 90.009
0.061 90.009
0.06105 90.009
0.0611 90.009
0.06115 90.009
0.0612 90.009
0.06125 90.009
0.0613 90.009
0.06135 90.009
0.0614 90.009
0.06145 90.009
0.0615 90.009
0.06155 90.009
0.0616 90.009
0.06165 90.009
0.0617 90.009
0.06175 90.009
0.0618 90.009
0.06185 90.009
0.0619 90.009
0.06195 90.009
0.062 90.009
0.06205 90.009
0.0621 90.009
0.06215 90.009
0.0622 90.009
0.06225 90.009
0.0623 90.009
0.06235 90.009
0.0624 90.009
0.06245 90.009
0.0625 90.009
0.06255 90.009
0.0626 90.009
0.06265 90.009
0.0627 90.009
0.06275 90.009
0.0628 90.009
0.06285 90.009
0.0629 90.009
0.06295 90.009
0.063 90.009
0.06305 90.009
0.0631 90.009
0.06315 90.009
0.0632 90.009
0.06325 90.009
0.0633 90.009
0.06335 90.009
0.0634 90.009
0.06345 90.009
0.0635 90.009
0.06355 90.009
0.0636 90.009
0.06365 90.009
0.0637 90.009
0.06375 90.009
0.0638 90.009
0.06385 90.009
0.0639 90.009
0.06395 90.009
0.064 90.009
0.06405 90.009
0.0641 90.009
0.06415 90.009
0.0642 90.009
0.06425 90.009
0.0643 90.009
0.06435 90.009
0.0644 90.009
0.06445 90.009
0.0645 90.009
0.06455 90.009
0.0646 90.009
0.06465 90.009
0.0647 90.009
0.06475 90.009
0.0648 90.009
0.06485 90.009
0.0649 90.009
0.06495 90.009
0.065 90.009
0.06505 90.009
0.0651 90.009
0.06515 90.009
0.0652 90.009
0.06525 90.009
0.0653 90.009
0.06535 90.009
0.0654 90.009
0.06545 90.009
0.0655 90.009
0.06555 90.009
0.0656 90.009
0.06565 90.009
0.0657 90.009
0.06575 90.009
0.0658 90.009
0.06585 90.009
0.0659 90.009
0.06595 90.009
0.066 90.009
0.06605 90.009
0.0661 90.009
0.06615 90.009
0.0662 90.009
0.06625 90.009
0.0663 90.009
0.06635 90.009
0.0664 90.009
0.06645 90.009
0.0665 90.009
0.06655 90.009
0.0666 90.009
0.06665 90.009
0.0667 90.009
0.06675 90.009
0.0668 90.009
0.06685 90.009
0.0669 90.009
0.06695 90.009
0.067 90.009
0.06705 90.009
0.0671 90.009
0.06715 90.009
0.0672 90.009
0.06725 90.009
0.0673 90.009
0.06735 90.009
0.0674 90.009
0.06745 90.009
0.0675 90.009
0.06755 90.009
0.0676 90.009
0.06765 90.009
0.0677 90.009
0.06775 90.009
0.0678 90.009
0.06785 90.009
0.0679 90.009
0.06795 90.009
0.068 90.009
0.06805 90.009
0.0681 90.009
0.06815 90.009
0.0682 90.009
0.06825 90.009
0.0683 90.009
0.06835 90.009
0.0684 90.009
0.06845 90.009
0.0685 90.009
0.06855 90.009
0.0686 90.009
0.06865 90.009
0.0687 90.009
0.06875 90.009
0.0688 90.009
0.06885 90.009
0.0689 90.009
0.06895 90.009
0.069 90.009
0.06905 90.009
0.0691 90.009
0.06915 90.009
0.0692 90.009
0.06925 90.009
0.0693 90.009
0.06935 90.009
0.0694 90.009
0.06945 90.009
0.0695 90.009
0.06955 90.009
0.0696 90.009
0.06965 90.009
0.0697 90.009
0.06975 90.009
0.0698 90.009
0.06985 90.009
0.0699 90.009
0.06995 90.009
0.07 90.009
0.07005 90.009
0.0701 90.009
0.07015 90.009
0.0702 90.009
0.07025 90.009
0.0703 90.009
0.07035 90.009
0.0704 90.009
0.07045 90.009
0.0705 90.009
0.07055 90.009
0.0706 90.009
0.07065 90.009
0.0707 90.009
0.07075 90.009
0.0708 90.009
0.07085 90.009
0.0709 90.009
0.07095 90.009
0.071 90.009
0.07105 90.009
0.0711 90.009
0.07115 90.009
0.0712 90.009
0.07125 90.009
0.0713 90.009
0.07135 90.009
0.0714 90.009
0.07145 90.009
0.0715 90.009
0.07155 90.009
0.0716 90.009
0.07165 90.009
0.0717 90.009
0.07175 90.009
0.0718 90.009
0.07185 90.009
0.0719 90.009
0.07195 90.009
0.072 90.009
0.07205 90.009
0.0721 90.009
0.07215 90.009
0.0722 90.009
0.07225 90.009
0.0723 90.009
0.07235 90.009
0.0724 90.009
0.07245 90.009
0.0725 90.009
0.07255 90.009
0.0726 90.009
0.07265 90.009
0.0727 90.009
0.07275 90.009
0.0728 90.009
0.07285 90.009
0.0729 90.009
0.07295 90.009
0.073 90.009
0.07305 90.009
0.0731 90.009
0.07315 90.009
0.0732 90.009
0.07325 90.009
0.0733 90.009
0.07335 90.009
0.0734 90.009
0.07345 90.009
0.0735 90.009
0.07355 90.009
0.0736 90.009
0.07365 90.009
0.0737 90.009
0.07375 90.009
0.0738 90.009
0.07385 90.009
0.0739 90.009
0.07395 90.009
0.074 90.009
0.07405 90.009
0.0741 90.009
0.07415 90.009
0.0742 90.009
0.07425 90.009
0.0743 90.009
0.07435 90.009
0.0744 90.009
0.07445 90.009
0.0745 90.009
0.07455 90.009
0.0746 90.009
0.07465 90.009
0.0747 90.009
0.07475 90.009
0.0748 90.009
0.07485 90.009
0.0749 90.009
0.07495 90.009
0.075 90.009
0.07505 90.009
0.0751 90.009
0.07515 90.009
0.0752 90.009
0.07525 90.009
0.0753 90.009
0.07535 90.009
0.0754 90.009
0.07545 90.009
0.0755 90.009
0.07555 90.009
0.0756 90.009
0.07565 90.009
0.0757 90.009
0.07575 90.009
0.0758 90.009
0.07585 90.009
0.0759 90.009
0.07595 90.009
0.076 90.009
0.07605 90.009
0.0761 90.009
0.07615 90.009
0.0762 90.009
0.07625 90.009
0.0763 90.009
0.07635 90.009
0.0764 90.009
0.07645 90.009
0.0765 90.009
0.07655 90.009
0.0766 90.009
0.07665 90.009
0.0767 90.009
0.07675 90.009
0.0768 90.009
0.07685 90.009
0.0769 90.009
0.07695 90.009
0.077 90.009
0.07705 90.009
0.0771 90.009
0.07715 90.009
0.0772 90.009
0.07725 90.009
0.0773 90.009
0.07735 90.009
0.0774 90.009
0.07745 90.009
0.0775 90.009
0.07755 90.009
0.0776 90.009
0.07765 90.009
0.0777 90.009
0.07775 90.009
0.0778 90.009
0.07785 90.009
0.0779 90.009
0.07795 90.009
0.078 90.009
0.07805 90.009
0.0781 90.009
0.07815 90.009
0.0782 90.009
0.07825 90.009
0.0783 90.009
0.07835 90.009
0.0784 90.009
0.07845 90.009
0.0785 90.009
0.07855 90.009
0.0786 90.009
0.07865 90.009
0.0787 90.009
0.07875 90.009
0.0788 90.009
0.07885 90.009
0.0789 90.009
0.07895 90.009
0.079 90.009
0.07905 90.009
0.0791 90.009
0.07915 90.009
0.0792 90.009
0.07925 90.009
0.0793 90.009
0.07935 90.009
0.0794 90.009
0.07945 90.009
0.0795 90.009
0.07955 90.009
0.0796 90.009
0.07965 90.009
0.0797 90.009
0.07975 90.009
0.0798 90.009
0.07985 90.009
0.0799 90.009
0.07995 90.009
0.08 90.009
0.08005 90.009
0.0801 90.009
0.08015 90.009
0.0802 90.009
0.08025 90.009
0.0803 90.009
0.08035 90.009
0.0804 90.009
0.08045 90.009
0.0805 90.009
0.08055 90.009
0.0806 90.009
0.08065 90.009
0.0807 90.009
0.08075 90.009
0.0808 90.009
0.08085 90.009
0.0809 90.009
0.08095 90.009
0.081 90.009
0.08105 90.009
0.0811 90.009
0.08115 90.009
0.0812 90.009
0.08125 90.009
0.0813 90.009
0.08135 90.009
0.0814 90.009
0.08145 90.009
0.0815 90.009
0.08155 90.009
0.0816 90.009
0.08165 90.009
0.0817 90.009
0.08175 90.009
0.0818 90.009
0.08185 90.009
0.0819 90.009
0.08195 90.009
0.082 90.009
0.08205 90.009
0.0821 90.009
0.08215 90.009
0.0822 90.009
0.08225 90.009
0.0823 90.009
0.08235 90.009
0.0824 90.009
0.08245 90.009
0.0825 90.009
0.08255 90.009
0.0826 90.009
0.08265 90.009
0.0827 90.009
0.08275 90.009
0.0828 90.009
0.08285 90.009
0.0829 90.009
0.08295 90.009
0.083 90.009
0.08305 90.009
0.0831 90.009
0.08315 90.009
0.0832 90.009
0.08325 90.009
0.0833 90.009
0.08335 90.009
0.0834 90.009
0.08345 90.009
0.0835 90.009
0.08355 90.009
0.0836 90.009
0.08365 90.009
0.0837 90.009
0.08375 90.009
0.0838 90.009
0.08385 90.009
0.0839 90.009
0.08395 90.009
0.084 90.009
0.08405 90.009
0.0841 90.009
0.08415 90.009
0.0842 90.009
0.08425 90.009
0.0843 90.009
0.08435 90.009
0.0844 90.009
0.08445 90.009
0.0845 90.009
0.08455 90.009
0.0846 90.009
0.08465 90.009
0.0847 90.009
0.08475 90.009
0.0848 90.009
0.08485 90.009
0.0849 90.009
0.08495 90.009
0.085 90.009
0.08505 90.009
0.0851 90.009
0.08515 90.009
0.0852 90.009
0.08525 90.009
0.0853 90.009
0.08535 90.009
0.0854 90.009
0.08545 90.009
0.0855 90.009
0.08555 90.009
0.0856 90.009
0.08565 90.009
0.0857 90.009
0.08575 90.009
0.0858 90.009
0.08585 90.009
0.0859 90.009
0.08595 90.009
0.086 90.009
0.08605 90.009
0.0861 90.009
0.08615 90.009
0.0862 90.009
0.08625 90.009
0.0863 90.009
0.08635 90.009
0.0864 90.009
0.08645 90.009
0.0865 90.009
0.08655 90.009
0.0866 90.009
0.08665 90.009
0.0867 90.009
0.08675 90.009
0.0868 90.009
0.08685 90.009
0.0869 90.009
0.08695 90.009
0.087 90.009
0.08705 90.009
0.0871 90.009
0.08715 90.009
0.0872 90.009
0.08725 90.009
0.0873 90.009
0.08735 90.009
0.0874 90.009
0.08745 90.009
0.0875 90.009
0.08755 90.009
0.0876 90.009
0.08765 90.009
0.0877 90.009
0.08775 90.009
0.0878 90.009
0.08785 90.009
0.0879 90.009
0.08795 90.009
0.088 90.009
0.08805 90.009
0.0881 90.009
0.08815 90.009
0.0882 90.009
0.08825 90.009
0.0883 90.009
0.08835 90.009
0.0884 90.009
0.08845 90.009
0.0885 90.009
0.08855 90.009
0.0886 90.009
0.08865 90.009
0.0887 90.009
0.08875 90.009
0.0888 90.009
0.08885 90.009
0.0889 90.009
0.08895 90.009
0.089 90.009
0.08905 90.009
0.0891 90.009
0.08915 90.009
0.0892 90.009
0.08925 90.009
0.0893 90.009
0.08935 90.009
0.0894 90.009
0.08945 90.009
0.0895 90.009
0.08955 90.009
0.0896 90.009
0.08965 90.009
0.0897 90.009
0.08975 90.009
0.0898 90.009
0.08985 90.009
0.0899 90.009
0.08995 90.009
0.09 90.009
0.09005 90.009
0.0901 90.009
0.09015 90.009
0.0902 90.009
0.09025 90.009
0.0903 90.009
0.09035 90.009
0.0904 90.009
0.09045 90.009
0.0905 90.009
0.09055 90.009
0.0906 90.009
0.09065 90.009
0.0907 90.009
0.09075 90.009
0.0908 90.009
0.09085 90.009
0.0909 90.009
0.09095 90.009
0.091 90.009
0.09105 90.009
0.0911 90.009
0.09115 90.009
0.0912 90.009
0.09125 90.009
0.0913 90.009
0.09135 90.009
0.0914 90.009
0.09145 90.009
0.0915 90.009
0.09155 90.009
0.0916 90.009
0.09165 90.009
0.0917 90.009
0.09175 90.009
0.0918 90.009
0.09185 90.009
0.0919 90.009
0.09195 90.009
0.092 90.009
0.09205 90.009
0.0921 90.009
0.09215 90.009
0.0922 90.009
0.09225 90.009
0.0923 90.009
0.09235 90.009
0.0924 90.009
0.09245 90.009
0.0925 90.009
0.09255 90.009
0.0926 90.009
0.09265 90.009
0.0927 90.009
0.09275 90.009
0.0928 90.009
0.09285 90.009
0.0929 90.009
0.09295 90.009
0.093 90.009
0.09305 90.009
0.0931 90.009
0.09315 90.009
0.0932 90.009
0.09325 90.009
0.0933 90.009
0.09335 90.009
0.0934 90.009
0.09345 90.009
0.0935 90.009
0.09355 90.009
0.0936 90.009
0.09365 90.009
0.0937 90.009
0.09375 90.009
0.0938 90.009
0.09385 90.009
0.0939 90.009
0.09395 90.009
0.094 90.009
0.09405 90.009
0.0941 90.009
0.09415 90.009
0.0942 90.009
0.09425 90.009
0.0943 90.009
0.09435 90.009
0.0944 90.009
0.09445 90.009
0.0945 90.009
0.09455 90.009
0.0946 90.009
0.09465 90.009
0.0947 90.009
0.09475 90.009
0.0948 90.009
0.09485 90.009
0.0949 90.009
0.09495 90.009
0.095 90.009
0.09505 90.009
0.0951 90.009
0.09515 90.009
0.0952 90.009
0.09525 90.009
0.0953 90.009
0.09535 90.009
0.0954 90.009
0.09545 90.009
0.0955 90.009
0.09555 90.009
0.0956 90.009
0.09565 90.009
0.0957 90.009
0.09575 90.009
0.0958 90.009
0.09585 90.009
0.0959 90.009
0.09595 90.009
0.096 90.009
0.09605 90.009
0.0961 90.009
0.09615 90.009
0.0962 90.009
0.09625 90.009
0.0963 90.009
0.09635 90.009
0.0964 90.009
0.09645 90.009
0.0965 90.009
0.09655 90.009
0.0966 90.009
0.09665 90.009
0.0967 90.009
0.09675 90.009
0.0968 90.009
0.09685 90.009
0.0969 90.009
0.09695 90.009
0.097 90.009
0.09705 90.009
0.0971 90.009
0.09715 90.009
0.0972 90.009
0.09725 90.009
0.0973 90.009
0.09735 90.009
0.0974 90.009
0.09745 90.009
0.0975 90.009
0.09755 90.009
0.0976 90.009
0.09765 90.009
0.0977 90.009
0.09775 90.009
0.0978 90.009
0.09785 90.009
0.0979 90.009
0.09795 90.009
0.098 90.009
0.09805 90.009
0.0981 90.009
0.09815 90.009
0.0982 90.009
0.09825 90.009
0.0983 90.009
0.09835 90.009
0.0984 90.009
0.09845 90.009
0.0985 90.009
0.09855 90.009
0.0986 90.009
0.09865 90.009
0.0987 90.009
0.09875 90.009
0.0988 90.009
0.09885 90.009
0.0989 90.009
0.09895 90.009
0.099 90.009
0.09905 90.009
0.0991 90.009
0.09915 90.009
0.0992 90.009
0.09925 90.009
0.0993 90.009
0.09935 90.009
0.0994 90.009
0.09945 90.009
0.0995 90.009
0.09955 90.009
0.0996 90.009
0.09965 90.009
0.0997 90.009
0.09975 90.009
0.0998 90.009
0.09985 90.009
0.0999 90.009
0.09995 90.009
0.1 90.009
