0 0
2.5e-05 0.05
5e-05 0.0997188
7.5e-05 0.149127
0.0001 0.198196
0.000125 0.246899
0.00015 0.295208
0.000175 0.343097
0.0002 0.390542
0.000225 0.437516
0.00025 0.483998
0.000275 0.529962
0.0003 0.575388
0.000325 0.620255
0.00035 0.66454
0.000375 0.708225
0.0004 0.75129
0.000425 0.793718
0.00045 0.83549
0.000475 0.87659
0.0005 0.917003
0.000525 0.956712
0.00055 0.995705
0.000575 1.03397
0.0006 1.07148
0.000625 1.10825
0.00065 1.14424
0.000675 1.17946
0.0007 1.21389
0.000725 1.24752
0.00075 1.28035
0.000775 1.31236
0.0008 1.34356
0.000825 1.37393
0.00085 1.40347
0.000875 1.43217
0.0009 1.46003
0.000925 1.48705
0.00095 1.51322
0.000975 1.53854
0.001 1.56301
0.001025 1.58663
0.00105 1.6094
0.001075 1.63131
0.0011 1.65238
0.001125 1.67259
0.00115 1.69196
0.001175 1.71048
0.0012 1.72816
0.001225 1.745
0.00125 1.761
0.001275 1.77618
0.0013 1.79053
0.001325 1.80406
0.00135 1.81678
0.001375 1.82869
0.0014 1.8398
0.001425 1.85011
0.00145 1.85965
0.001475 1.8684
0.0015 1.87639
0.001525 1.88362
0.00155 1.8901
0.001575 1.89584
0.0016 1.90084
0.001625 1.90513
0.00165 1.90871
0.001675 1.91159
0.0017 1.91378
0.001725 1.91529
0.00175 1.91614
0.001775 1.91634
0.0018 1.91589
0.001825 1.91482
0.00185 1.91313
0.001875 1.91084
0.0019 1.90796
0.001925 1.90451
0.00195 1.90048
0.001975 1.89591
0.002 1.89081
0.002025 1.88517
0.00205 1.87903
0.002075 1.8724
0.0021 1.86528
0.002125 1.85769
0.00215 1.84965
0.002175 1.84118
0.0022 1.83227
0.002225 1.82296
0.00225 1.81325
0.002275 1.80315
0.0023 1.79269
0.002325 1.78187
0.00235 1.77071
0.002375 1.75923
0.0024 1.74744
0.002425 1.73534
0.00245 1.72297
0.002475 1.71032
0.0025 1.69742
0.002525 1.68427
0.00255 1.6709
0.002575 1.65731
0.0026 1.64352
0.002625 1.62954
0.00265 1.61539
0.002675 1.60107
0.0027 1.58661
0.002725 1.57201
0.00275 1.55729
0.002775 1.54246
0.0028 1.52752
0.002825 1.51251
0.00285 1.49741
0.002875 1.48226
0.0029 1.46705
0.002925 1.45181
0.00295 1.43654
0.002975 1.42125
0.003 1.40596
0.003025 1.39067
0.00305 1.3754
0.003075 1.36015
0.0031 1.34494
0.003125 1.32977
0.00315 1.31466
0.003175 1.29962
0.0032 1.28465
0.003225 1.26976
0.00325 1.25497
0.003275 1.24027
0.0033 1.22569
0.003325 1.21122
0.00335 1.19688
0.003375 1.18266
0.0034 1.16859
0.003425 1.15467
0.00345 1.1409
0.003475 1.12729
0.0035 1.11384
0.003525 1.10057
0.00355 1.08748
0.003575 1.07458
0.0036 1.06186
0.003625 1.04934
0.00365 1.03702
0.003675 1.02491
0.0037 1.013
0.003725 1.00131
0.00375 0.989838
0.003775 0.978588
0.0038 0.967564
0.003825 0.956769
0.00385 0.946207
0.003875 0.93588
0.0039 0.925791
0.003925 0.915942
0.00395 0.906337
0.003975 0.896976
0.004 0.887863
0.004025 0.878998
0.00405 0.870383
0.004075 0.86202
0.0041 0.853909
0.004125 0.846052
0.00415 0.838448
0.004175 0.831099
0.0042 0.824005
0.004225 0.817166
0.00425 0.810582
0.004275 0.804252
0.0043 0.798177
0.004325 0.792356
0.00435 0.786788
0.004375 0.781471
0.0044 0.776406
0.004425 0.771591
0.00445 0.767024
0.004475 0.762705
0.0045 0.758631
0.004525 0.7548
0.00455 0.751211
0.004575 0.747862
0.0046 0.74475
0.004625 0.741873
0.00465 0.739229
0.004675 0.736815
0.0047 0.734628
0.004725 0.732667
0.00475 0.730927
0.004775 0.729406
0.0048 0.728101
0.004825 0.727009
0.00485 0.726126
0.004875 0.72545
0.0049 0.724976
0.004925 0.724701
0.00495 0.724622
0.004975 0.724735
0.005 0.725037
0.005025 0.725523
0.00505 0.72619
0.005075 0.727034
0.0051 0.728051
0.005125 0.729237
0.00515 0.730588
0.005175 0.732101
0.0052 0.73377
0.005225 0.735592
0.00525 0.737563
0.005275 0.739678
0.0053 0.741933
0.005325 0.744325
0.00535 0.746849
0.005375 0.7495
0.0054 0.752275
0.005425 0.755169
0.00545 0.758178
0.005475 0.761298
0.0055 0.764524
0.005525 0.767853
0.00555 0.771279
0.005575 0.774799
0.0056 0.778409
0.005625 0.782104
0.00565 0.78588
0.005675 0.789733
0.0057 0.793659
0.005725 0.797654
0.00575 0.801714
0.005775 0.805835
0.0058 0.810012
0.005825 0.814242
0.00585 0.818521
0.005875 0.822844
0.0059 0.827209
0.005925 0.831611
0.00595 0.836046
0.005975 0.840512
0.006 0.845003
0.006025 0.849517
0.00605 0.85405
0.006075 0.858599
0.0061 0.863159
0.006125 0.867728
0.00615 0.872303
0.006175 0.876879
0.0062 0.881455
0.006225 0.886025
0.00625 0.890589
0.006275 0.895142
0.0063 0.899681
0.006325 0.904205
0.00635 0.908709
0.006375 0.913191
0.0064 0.917648
0.006425 0.922078
0.00645 0.926479
0.006475 0.930847
0.0065 0.93518
0.006525 0.939476
0.00655 0.943733
0.006575 0.947948
0.0066 0.95212
0.006625 0.956245
0.00665 0.960323
0.006675 0.964351
0.0067 0.968328
0.006725 0.972251
0.00675 0.976118
0.006775 0.97993
0.0068 0.983682
0.006825 0.987375
0.00685 0.991007
0.006875 0.994576
0.0069 0.99808
0.006925 1.00152
0.00695 1.00489
0.006975 1.0082
0.007 1.01144
0.007025 1.0146
0.00705 1.0177
0.007075 1.02073
0.0071 1.02368
0.007125 1.02657
0.00715 1.02937
0.007175 1.03211
0.0072 1.03477
0.007225 1.03735
0.00725 1.03986
0.007275 1.0423
0.0073 1.04466
0.007325 1.04694
0.00735 1.04915
0.007375 1.05128
0.0074 1.05333
0.007425 1.05531
0.00745 1.05721
0.007475 1.05904
0.0075 1.06079
0.007525 1.06246
0.00755 1.06406
0.007575 1.06559
0.0076 1.06703
0.007625 1.06841
0.00765 1.06971
0.007675 1.07094
0.0077 1.07209
0.007725 1.07317
0.00775 1.07418
0.007775 1.07512
0.0078 1.07599
0.007825 1.07679
0.00785 1.07751
0.007875 1.07818
0.0079 1.07877
0.007925 1.0793
0.00795 1.07976
0.007975 1.08016
0.008 1.08049
0.008025 1.08076
0.00805 1.08097
0.008075 1.08112
0.0081 1.08121
0.008125 1.08123
0.00815 1.08121
0.008175 1.08112
0.0082 1.08098
0.008225 1.08079
0.00825 1.08054
0.008275 1.08024
0.0083 1.07989
0.008325 1.07949
0.00835 1.07905
0.008375 1.07855
0.0084 1.07801
0.008425 1.07743
0.00845 1.0768
0.008475 1.07613
0.0085 1.07541
0.008525 1.07466
0.00855 1.07387
0.008575 1.07305
0.0086 1.07218
0.008625 1.07129
0.00865 1.07036
0.008675 1.0694
0.0087 1.0684
0.008725 1.06738
0.00875 1.06633
0.008775 1.06525
0.0088 1.06415
0.008825 1.06302
0.00885 1.06187
0.008875 1.0607
0.0089 1.0595
0.008925 1.05829
0.00895 1.05706
0.008975 1.05581
0.009 1.05455
0.009025 1.05327
0.00905 1.05198
0.009075 1.05067
0.0091 1.04936
0.009125 1.04803
0.00915 1.04669
0.009175 1.04535
0.0092 1.044
0.009225 1.04264
0.00925 1.04128
0.009275 1.03992
0.0093 1.03855
0.009325 1.03718
0.00935 1.03581
0.009375 1.03445
0.0094 1.03308
0.009425 1.03171
0.00945 1.03035
0.009475 1.02899
0.0095 1.02764
0.009525 1.02629
0.00955 1.02495
0.009575 1.02361
0.0096 1.02228
0.009625 1.02097
0.00965 1.01966
0.009675 1.01836
0.0097 1.01707
0.009725 1.0158
0.00975 1.01454
0.009775 1.01329
0.0098 1.01205
0.009825 1.01083
0.00985 1.00962
0.009875 1.00843
0.0099 1.00725
0.009925 1.0061
0.00995 1.00495
0.009975 1.00383
0.01 1.00272
0.010025 1.00163
0.01005 1.00056
0.010075 0.999512
0.0101 0.998481
0.010125 0.997469
0.01015 0.996478
0.010175 0.995507
0.0102 0.994557
0.010225 0.993628
0.01025 0.99272
0.010275 0.991834
0.0103 0.990969
0.010325 0.990126
0.01035 0.989306
0.010375 0.988507
0.0104 0.987731
0.010425 0.986978
0.01045 0.986247
0.010475 0.985539
0.0105 0.984853
0.010525 0.98419
0.01055 0.98355
0.010575 0.982933
0.0106 0.982339
0.010625 0.981767
0.01065 0.981219
0.010675 0.980693
0.0107 0.98019
0.010725 0.979709
0.01075 0.979251
0.010775 0.978815
0.0108 0.978401
0.010825 0.97801
0.01085 0.977641
0.010875 0.977293
0.0109 0.976967
0.010925 0.976663
0.01095 0.97638
0.010975 0.976118
0.011 0.975877
0.011025 0.975657
0.01105 0.975457
0.011075 0.975277
0.0111 0.975117
0.011125 0.974977
0.01115 0.974856
0.011175 0.974754
0.0112 0.974671
0.011225 0.974607
0.01125 0.974561
0.011275 0.974533
0.0113 0.974522
0.011325 0.974529
0.01135 0.974552
0.011375 0.974592
0.0114 0.974649
0.011425 0.974721
0.01145 0.974809
0.011475 0.974912
0.0115 0.97503
0.011525 0.975162
0.01155 0.975309
0.011575 0.975469
0.0116 0.975643
0.011625 0.97583
0.01165 0.976029
0.011675 0.976241
0.0117 0.976465
0.011725 0.9767
0.01175 0.976946
0.011775 0.977203
0.0118 0.97747
0.011825 0.977748
0.01185 0.978034
0.011875 0.978331
0.0119 0.978636
0.011925 0.978949
0.01195 0.979271
0.011975 0.9796
0.012 0.979937
0.012025 0.98028
0.01205 0.980631
0.012075 0.980987
0.0121 0.98135
0.012125 0.981717
0.01215 0.98209
0.012175 0.982468
0.0122 0.982851
0.012225 0.983237
0.01225 0.983627
0.012275 0.984021
0.0123 0.984417
0.012325 0.984816
0.01235 0.985218
0.012375 0.985622
0.0124 0.986028
0.012425 0.986435
0.01245 0.986843
0.012475 0.987252
0.0125 0.987661
0.012525 0.988071
0.01255 0.988481
0.012575 0.98889
0.0126 0.989299
0.012625 0.989707
0.01265 0.990114
0.012675 0.990519
0.0127 0.990923
0.012725 0.991325
0.01275 0.991724
0.012775 0.992121
0.0128 0.992516
0.012825 0.992908
0.01285 0.993296
0.012875 0.993682
0.0129 0.994064
0.012925 0.994442
0.01295 0.994816
0.012975 0.995187
0.013 0.995553
0.013025 0.995914
0.01305 0.996271
0.013075 0.996624
0.0131 0.996971
0.013125 0.997313
0.01315 0.99765
0.013175 0.997982
0.0132 0.998309
0.013225 0.998629
0.01325 0.998944
0.013275 0.999254
0.0133 0.999557
0.013325 0.999854
0.01335 1.00015
0.013375 1.00043
0.0134 1.00071
0.013425 1.00098
0.01345 1.00125
0.013475 1.00151
0.0135 1.00176
0.013525 1.00201
0.01355 1.00225
0.013575 1.00248
0.0136 1.0027
0.013625 1.00292
0.01365 1.00314
0.013675 1.00334
0.0137 1.00354
0.013725 1.00373
0.01375 1.00392
0.013775 1.0041
0.0138 1.00427
0.013825 1.00443
0.01385 1.00459
0.013875 1.00474
0.0139 1.00489
0.013925 1.00503
0.01395 1.00516
0.013975 1.00528
0.014 1.0054
0.014025 1.00551
0.01405 1.00561
0.014075 1.00571
0.0141 1.0058
0.014125 1.00589
0.01415 1.00597
0.014175 1.00604
0.0142 1.00611
0.014225 1.00617
0.01425 1.00622
0.014275 1.00627
0.0143 1.00631
0.014325 1.00635
0.01435 1.00638
0.014375 1.00641
0.0144 1.00643
0.014425 1.00644
0.01445 1.00645
0.014475 1.00645
0.0145 1.00645
0.014525 1.00645
0.01455 1.00644
0.014575 1.00642
0.0146 1.0064
0.014625 1.00637
0.01465 1.00634
0.014675 1.00631
0.0147 1.00627
0.014725 1.00622
0.01475 1.00618
0.014775 1.00612
0.0148 1.00607
0.014825 1.00601
0.01485 1.00595
0.014875 1.00588
0.0149 1.00581
0.014925 1.00574
0.01495 1.00566
0.014975 1.00558
0.015 1.0055
0.015025 1.00541
0.01505 1.00532
0.015075 1.00523
0.0151 1.00514
0.015125 1.00504
0.01515 1.00495
0.015175 1.00484
0.0152 1.00474
0.015225 1.00464
0.01525 1.00453
0.015275 1.00442
0.0153 1.00431
0.015325 1.0042
0.01535 1.00409
0.015375 1.00397
0.0154 1.00386
0.015425 1.00374
0.01545 1.00362
0.015475 1.00351
0.0155 1.00339
0.015525 1.00327
0.01555 1.00315
0.015575 1.00302
0.0156 1.0029
0.015625 1.00278
0.01565 1.00266
0.015675 1.00254
0.0157 1.00241
0.015725 1.00229
0.01575 1.00217
0.015775 1.00205
0.0158 1.00192
0.015825 1.0018
0.01585 1.00168
0.015875 1.00156
0.0159 1.00144
0.015925 1.00132
0.01595 1.0012
0.015975 1.00108
0.016 1.00096
0.016025 1.00085
0.01605 1.00073
0.016075 1.00062
0.0161 1.00051
0.016125 1.00039
0.01615 1.00028
0.016175 1.00017
0.0162 1.00006
0.016225 0.999957
0.01625 0.999852
0.016275 0.999748
0.0163 0.999645
0.016325 0.999544
0.01635 0.999445
0.016375 0.999347
0.0164 0.999251
0.016425 0.999156
0.01645 0.999063
0.016475 0.998972
0.0165 0.998883
0.016525 0.998796
0.01655 0.998711
0.016575 0.998627
0.0166 0.998545
0.016625 0.998465
0.01665 0.998388
0.016675 0.998312
0.0167 0.998238
0.016725 0.998166
0.01675 0.998096
0.016775 0.998028
0.0168 0.997962
0.016825 0.997898
0.01685 0.997837
0.016875 0.997777
0.0169 0.997719
0.016925 0.997664
0.01695 0.99761
0.016975 0.997558
0.017 0.997509
0.017025 0.997461
0.01705 0.997416
0.017075 0.997372
0.0171 0.997331
0.017125 0.997291
0.01715 0.997254
0.017175 0.997218
0.0172 0.997185
0.017225 0.997153
0.01725 0.997124
0.017275 0.997096
0.0173 0.997071
0.017325 0.997047
0.01735 0.997025
0.017375 0.997005
0.0174 0.996986
0.017425 0.99697
0.01745 0.996955
0.017475 0.996942
0.0175 0.996931
0.017525 0.996922
0.01755 0.996914
0.017575 0.996908
0.0176 0.996903
0.017625 0.9969
0.01765 0.996899
0.017675 0.996899
0.0177 0.996901
0.017725 0.996905
0.01775 0.996909
0.017775 0.996915
0.0178 0.996923
0.017825 0.996932
0.01785 0.996942
0.017875 0.996954
0.0179 0.996967
0.017925 0.996981
0.01795 0.996996
0.017975 0.997013
0.018 0.99703
0.018025 0.997049
0.01805 0.997069
0.018075 0.99709
0.0181 0.997111
0.018125 0.997134
0.01815 0.997158
0.018175 0.997183
0.0182 0.997208
0.018225 0.997235
0.01825 0.997262
0.018275 0.99729
0.0183 0.997318
0.018325 0.997348
0.01835 0.997378
0.018375 0.997408
0.0184 0.99744
0.018425 0.997471
0.01845 0.997504
0.018475 0.997537
0.0185 0.99757
0.018525 0.997604
0.01855 0.997638
0.018575 0.997672
0.0186 0.997707
0.018625 0.997742
0.01865 0.997778
0.018675 0.997813
0.0187 0.997849
0.018725 0.997886
0.01875 0.997922
0.018775 0.997958
0.0188 0.997995
0.018825 0.998031
0.01885 0.998068
0.018875 0.998105
0.0189 0.998141
0.018925 0.998178
0.01895 0.998215
0.018975 0.998251
0.019 0.998288
0.019025 0.998324
0.01905 0.99836
0.019075 0.998396
0.0191 0.998432
0.019125 0.998468
0.01915 0.998503
0.019175 0.998538
0.0192 0.998573
0.019225 0.998608
0.01925 0.998642
0.019275 0.998676
0.0193 0.998709
0.019325 0.998743
0.01935 0.998776
0.019375 0.998808
0.0194 0.99884
0.019425 0.998872
0.01945 0.998903
0.019475 0.998934
0.0195 0.998964
0.019525 0.998994
0.01955 0.999023
0.019575 0.999052
0.0196 0.99908
0.019625 0.999108
0.01965 0.999135
0.019675 0.999162
0.0197 0.999188
0.019725 0.999214
0.01975 0.999239
0.019775 0.999263
0.0198 0.999287
0.019825 0.999311
0.01985 0.999333
0.019875 0.999356
0.0199 0.999377
0.019925 0.999398
0.01995 0.999419
0.019975 0.999438
0.02 0.999457
0.020025 0.999476
0.02005 0.999494
0.020075 0.999511
0.0201 0.999528
0.020125 0.999544
0.02015 0.99956
0.020175 0.999575
0.0202 0.999589
0.020225 0.999603
0.02025 0.999616
0.020275 0.999628
0.0203 0.99964
0.020325 0.999651
0.02035 0.999662
0.020375 0.999672
0.0204 0.999681
0.020425 0.99969
0.02045 0.999699
0.020475 0.999706
0.0205 0.999714
0.020525 0.99972
0.02055 0.999726
0.020575 0.999732
0.0206 0.999737
0.020625 0.999741
0.02065 0.999745
0.020675 0.999749
0.0207 0.999751
0.020725 0.999754
0.02075 0.999756
0.020775 0.999757
0.0208 0.999758
0.020825 0.999758
0.02085 0.999758
0.020875 0.999758
0.0209 0.999757
0.020925 0.999756
0.02095 0.999754
0.020975 0.999752
0.021 0.999749
0.021025 0.999746
0.02105 0.999742
0.021075 0.999739
0.0211 0.999734
0.021125 0.99973
0.02115 0.999725
0.021175 0.99972
0.0212 0.999714
0.021225 0.999708
0.02125 0.999702
0.021275 0.999696
0.0213 0.999689
0.021325 0.999682
0.02135 0.999674
0.021375 0.999667
0.0214 0.999659
0.021425 0.999651
0.02145 0.999642
0.021475 0.999634
0.0215 0.999625
0.021525 0.999616
0.02155 0.999607
0.021575 0.999598
0.0216 0.999588
0.021625 0.999579
0.02165 0.999569
0.021675 0.999559
0.0217 0.999549
0.021725 0.999539
0.02175 0.999528
0.021775 0.999518
0.0218 0.999507
0.021825 0.999497
0.02185 0.999486
0.021875 0.999475
0.0219 0.999464
0.021925 0.999454
0.02195 0.999443
0.021975 0.999432
0.022 0.999421
0.022025 0.99941
0.02205 0.999399
0.022075 0.999388
0.0221 0.999377
0.022125 0.999366
0.02215 0.999355
0.022175 0.999344
0.0222 0.999333
0.022225 0.999322
0.02225 0.999312
0.022275 0.999301
0.0223 0.99929
0.022325 0.99928
0.02235 0.999269
0.022375 0.999259
0.0224 0.999248
0.022425 0.999238
0.02245 0.999228
0.022475 0.999218
0.0225 0.999208
0.022525 0.999198
0.02255 0.999188
0.022575 0.999179
0.0226 0.999169
0.022625 0.99916
0.02265 0.999151
0.022675 0.999142
0.0227 0.999133
0.022725 0.999124
0.02275 0.999115
0.022775 0.999107
0.0228 0.999098
0.022825 0.99909
0.02285 0.999082
0.022875 0.999074
0.0229 0.999067
0.022925 0.999059
0.02295 0.999052
0.022975 0.999045
0.023 0.999038
0.023025 0.999031
0.02305 0.999024
0.023075 0.999018
0.0231 0.999011
0.023125 0.999005
0.02315 0.998999
0.023175 0.998993
0.0232 0.998988
0.023225 0.998983
0.02325 0.998977
0.023275 0.998972
0.0233 0.998967
0.023325 0.998963
0.02335 0.998958
0.023375 0.998954
0.0234 0.99895
0.023425 0.998946
0.02345 0.998942
0.023475 0.998939
0.0235 0.998935
0.023525 0.998932
0.02355 0.998929
0.023575 0.998926
0.0236 0.998924
0.023625 0.998921
0.02365 0.998919
0.023675 0.998916
0.0237 0.998914
0.023725 0.998913
0.02375 0.998911
0.023775 0.998909
0.0238 0.998908
0.023825 0.998907
0.02385 0.998906
0.023875 0.998905
0.0239 0.998904
0.023925 0.998904
0.02395 0.998903
0.023975 0.998903
0.024 0.998903
0.024025 0.998903
0.02405 0.998903
0.024075 0.998903
0.0241 0.998904
0.024125 0.998904
0.02415 0.998905
0.024175 0.998906
0.0242 0.998907
0.024225 0.998908
0.02425 0.998909
0.024275 0.99891
0.0243 0.998911
0.024325 0.998913
0.02435 0.998914
0.024375 0.998916
0.0244 0.998918
0.024425 0.99892
0.02445 0.998921
0.024475 0.998923
0.0245 0.998926
0.024525 0.998928
0.02455 0.99893
0.024575 0.998932
0.0246 0.998935
0.024625 0.998937
0.02465 0.99894
0.024675 0.998942
0.0247 0.998945
0.024725 0.998948
0.02475 0.998951
0.024775 0.998953
0.0248 0.998956
0.024825 0.998959
0.02485 0.998962
0.024875 0.998965
0.0249 0.998968
0.024925 0.998971
0.02495 0.998975
0.024975 0.998978
0.025 0.998981
0.025025 0.998984
0.02505 0.998987
0.025075 0.998991
0.0251 0.998994
0.025125 0.998997
0.02515 0.999
0.025175 0.999004
0.0252 0.999007
0.025225 0.99901
0.02525 0.999013
0.025275 0.999017
0.0253 0.99902
0.025325 0.999023
0.02535 0.999027
0.025375 0.99903
0.0254 0.999033
0.025425 0.999036
0.02545 0.999039
0.025475 0.999043
0.0255 0.999046
0.025525 0.999049
0.02555 0.999052
0.025575 0.999055
0.0256 0.999058
0.025625 0.999061
0.02565 0.999064
0.025675 0.999067
0.0257 0.99907
0.025725 0.999073
0.02575 0.999076
0.025775 0.999079
0.0258 0.999082
0.025825 0.999084
0.02585 0.999087
0.025875 0.99909
0.0259 0.999092
0.025925 0.999095
0.02595 0.999098
0.025975 0.9991
0.026 0.999103
0.026025 0.999105
0.02605 0.999107
0.026075 0.99911
0.0261 0.999112
0.026125 0.999114
0.02615 0.999116
0.026175 0.999118
0.0262 0.99912
0.026225 0.999122
0.02625 0.999124
0.026275 0.999126
0.0263 0.999128
0.026325 0.99913
0.02635 0.999132
0.026375 0.999133
0.0264 0.999135
0.026425 0.999136
0.02645 0.999138
0.026475 0.999139
0.0265 0.999141
0.026525 0.999142
0.02655 0.999143
0.026575 0.999145
0.0266 0.999146
0.026625 0.999147
0.02665 0.999148
0.026675 0.999149
0.0267 0.99915
0.026725 0.999151
0.02675 0.999152
0.026775 0.999153
0.0268 0.999153
0.026825 0.999154
0.02685 0.999155
0.026875 0.999155
0.0269 0.999156
0.026925 0.999156
0.02695 0.999157
0.026975 0.999157
0.027 0.999158
0.027025 0.999158
0.02705 0.999158
0.027075 0.999158
0.0271 0.999159
0.027125 0.999159
0.02715 0.999159
0.027175 0.999159
0.0272 0.999159
0.027225 0.999159
0.02725 0.999159
0.027275 0.999159
0.0273 0.999158
0.027325 0.999158
0.02735 0.999158
0.027375 0.999158
0.0274 0.999158
0.027425 0.999157
0.02745 0.999157
0.027475 0.999156
0.0275 0.999156
0.027525 0.999156
0.02755 0.999155
0.027575 0.999155
0.0276 0.999154
0.027625 0.999153
0.02765 0.999153
0.027675 0.999152
0.0277 0.999151
0.027725 0.999151
0.02775 0.99915
0.027775 0.999149
0.0278 0.999149
0.027825 0.999148
0.02785 0.999147
0.027875 0.999146
0.0279 0.999145
0.027925 0.999145
0.02795 0.999144
0.027975 0.999143
0.028 0.999142
0.028025 0.999141
0.02805 0.99914
0.028075 0.999139
0.0281 0.999138
0.028125 0.999138
0.02815 0.999137
0.028175 0.999136
0.0282 0.999135
0.028225 0.999134
0.02825 0.999133
0.028275 0.999132
0.0283 0.999131
0.028325 0.99913
0.02835 0.999129
0.028375 0.999128
0.0284 0.999127
0.028425 0.999126
0.02845 0.999125
0.028475 0.999124
0.0285 0.999123
0.028525 0.999122
0.02855 0.999121
0.028575 0.99912
0.0286 0.999119
0.028625 0.999118
0.02865 0.999117
0.028675 0.999116
0.0287 0.999115
0.028725 0.999114
0.02875 0.999113
0.028775 0.999112
0.0288 0.999112
0.028825 0.999111
0.02885 0.99911
0.028875 0.999109
0.0289 0.999108
0.028925 0.999107
0.02895 0.999106
0.028975 0.999105
0.029 0.999105
0.029025 0.999104
0.02905 0.999103
0.029075 0.999102
0.0291 0.999101
0.029125 0.999101
0.02915 0.9991
0.029175 0.999099
0.0292 0.999098
0.029225 0.999098
0.02925 0.999097
0.029275 0.999096
0.0293 0.999096
0.029325 0.999095
0.02935 0.999094
0.029375 0.999094
0.0294 0.999093
0.029425 0.999093
0.02945 0.999092
0.029475 0.999092
0.0295 0.999091
0.029525 0.99909
0.02955 0.99909
0.029575 0.999089
0.0296 0.999089
0.029625 0.999089
0.02965 0.999088
0.029675 0.999088
0.0297 0.999087
0.029725 0.999087
0.02975 0.999087
0.029775 0.999086
0.0298 0.999086
0.029825 0.999086
0.02985 0.999085
0.029875 0.999085
0.0299 0.999085
0.029925 0.999084
0.02995 0.999084
0.029975 0.999084
0.03 0.999084
0.030025 0.999084
0.03005 0.999083
0.030075 0.999083
0.0301 0.999083
0.030125 0.999083
0.03015 0.999083
0.030175 0.999083
0.0302 0.999083
0.030225 0.999082
0.03025 0.999082
0.030275 0.999082
0.0303 0.999082
0.030325 0.999082
0.03035 0.999082
0.030375 0.999082
0.0304 0.999082
0.030425 0.999082
0.03045 0.999082
0.030475 0.999082
0.0305 0.999082
0.030525 0.999082
0.03055 0.999083
0.030575 0.999083
0.0306 0.999083
0.030625 0.999083
0.03065 0.999083
0.030675 0.999083
0.0307 0.999083
0.030725 0.999083
0.03075 0.999084
0.030775 0.999084
0.0308 0.999084
0.030825 0.999084
0.03085 0.999084
0.030875 0.999084
0.0309 0.999085
0.030925 0.999085
0.03095 0.999085
0.030975 0.999085
0.031 0.999086
0.031025 0.999086
0.03105 0.999086
0.031075 0.999086
0.0311 0.999086
0.031125 0.999087
0.03115 0.999087
0.031175 0.999087
0.0312 0.999088
0.031225 0.999088
0.03125 0.999088
0.031275 0.999088
0.0313 0.999089
0.031325 0.999089
0.03135 0.999089
0.031375 0.999089
0.0314 0.99909
0.031425 0.99909
0.03145 0.99909
0.031475 0.999091
0.0315 0.999091
0.031525 0.999091
0.03155 0.999092
0.031575 0.999092
0.0316 0.999092
0.031625 0.999092
0.03165 0.999093
0.031675 0.999093
0.0317 0.999093
0.031725 0.999094
0.03175 0.999094
0.031775 0.999094
0.0318 0.999094
0.031825 0.999095
0.03185 0.999095
0.031875 0.999095
0.0319 0.999096
0.031925 0.999096
0.03195 0.999096
0.031975 0.999096
0.032 0.999097
0.032025 0.999097
0.03205 0.999097
0.032075 0.999097
0.0321 0.999098
0.032125 0.999098
0.03215 0.999098
0.032175 0.999098
0.0322 0.999099
0.032225 0.999099
0.03225 0.999099
0.032275 0.999099
0.0323 0.9991
0.032325 0.9991
0.03235 0.9991
0.032375 0.9991
0.0324 0.999101
0.032425 0.999101
0.03245 0.999101
0.032475 0.999101
0.0325 0.999101
0.032525 0.999102
0.03255 0.999102
0.032575 0.999102
0.0326 0.999102
0.032625 0.999102
0.03265 0.999102
0.032675 0.999103
0.0327 0.999103
0.032725 0.999103
0.03275 0.999103
0.032775 0.999103
0.0328 0.999103
0.032825 0.999103
0.03285 0.999104
0.032875 0.999104
0.0329 0.999104
0.032925 0.999104
0.03295 0.999104
0.032975 0.999104
0.033 0.999104
0.033025 0.999104
0.03305 0.999104
0.033075 0.999104
0.0331 0.999105
0.033125 0.999105
0.03315 0.999105
0.033175 0.999105
0.0332 0.999105
0.033225 0.999105
0.03325 0.999105
0.033275 0.999105
0.0333 0.999105
0.033325 0.999105
0.03335 0.999105
0.033375 0.999105
0.0334 0.999105
0.033425 0.999105
0.03345 0.999105
0.033475 0.999105
0.0335 0.999105
0.033525 0.999105
0.03355 0.999105
0.033575 0.999105
0.0336 0.999105
0.033625 0.999105
0.03365 0.999105
0.033675 0.999105
0.0337 0.999105
0.033725 0.999105
0.03375 0.999105
0.033775 0.999105
0.0338 0.999105
0.033825 0.999105
0.03385 0.999105
0.033875 0.999105
0.0339 0.999105
0.033925 0.999105
0.03395 0.999105
0.033975 0.999105
0.034 0.999105
0.034025 0.999105
0.03405 0.999105
0.034075 0.999104
0.0341 0.999104
0.034125 0.999104
0.03415 0.999104
0.034175 0.999104
0.0342 0.999104
0.034225 0.999104
0.03425 0.999104
0.034275 0.999104
0.0343 0.999104
0.034325 0.999104
0.03435 0.999104
0.034375 0.999104
0.0344 0.999104
0.034425 0.999103
0.03445 0.999103
0.034475 0.999103
0.0345 0.999103
0.034525 0.999103
0.03455 0.999103
0.034575 0.999103
0.0346 0.999103
0.034625 0.999103
0.03465 0.999103
0.034675 0.999103
0.0347 0.999103
0.034725 0.999102
0.03475 0.999102
0.034775 0.999102
0.0348 0.999102
0.034825 0.999102
0.03485 0.999102
0.034875 0.999102
0.0349 0.999102
0.034925 0.999102
0.03495 0.999102
0.034975 0.999102
0.035 0.999101
0.035025 0.999101
0.03505 0.999101
0.035075 0.999101
0.0351 0.999101
0.035125 0.999101
0.03515 0.999101
0.035175 0.999101
0.0352 0.999101
0.035225 0.999101
0.03525 0.999101
0.035275 0.999101
0.0353 0.9991
0.035325 0.9991
0.03535 0.9991
0.035375 0.9991
0.0354 0.9991
0.035425 0.9991
0.03545 0.9991
0.035475 0.9991
0.0355 0.9991
0.035525 0.9991
0.03555 0.9991
0.035575 0.9991
0.0356 0.9991
0.035625 0.9991
0.03565 0.9991
0.035675 0.999099
0.0357 0.999099
0.035725 0.999099
0.03575 0.999099
0.035775 0.999099
0.0358 0.999099
0.035825 0.999099
0.03585 0.999099
0.035875 0.999099
0.0359 0.999099
0.035925 0.999099
0.03595 0.999099
0.035975 0.999099
0.036 0.999099
0.036025 0.999099
0.03605 0.999099
0.036075 0.999099
0.0361 0.999099
0.036125 0.999099
0.03615 0.999099
0.036175 0.999099
0.0362 0.999099
0.036225 0.999099
0.03625 0.999099
0.036275 0.999099
0.0363 0.999099
0.036325 0.999098
0.03635 0.999098
0.036375 0.999098
0.0364 0.999098
0.036425 0.999098
0.03645 0.999098
0.036475 0.999098
0.0365 0.999098
0.036525 0.999098
0.03655 0.999098
0.036575 0.999098
0.0366 0.999098
0.036625 0.999098
0.03665 0.999098
0.036675 0.999098
0.0367 0.999098
0.036725 0.999098
0.03675 0.999098
0.036775 0.999098
0.0368 0.999098
0.036825 0.999098
0.03685 0.999098
0.036875 0.999098
0.0369 0.999098
0.036925 0.999098
0.03695 0.999098
0.036975 0.999098
0.037 0.999098
0.037025 0.999098
0.03705 0.999098
0.037075 0.999098
0.0371 0.999098
0.037125 0.999098
0.03715 0.999098
0.037175 0.999098
0.0372 0.999099
0.037225 0.999099
0.03725 0.999099
0.037275 0.999099
0.0373 0.999099
0.037325 0.999099
0.03735 0.999099
0.037375 0.999099
0.0374 0.999099
0.037425 0.999099
0.03745 0.999099
0.037475 0.999099
0.0375 0.999099
0.037525 0.999099
0.03755 0.999099
0.037575 0.999099
0.0376 0.999099
0.037625 0.999099
0.03765 0.999099
0.037675 0.999099
0.0377 0.999099
0.037725 0.999099
0.03775 0.999099
0.037775 0.999099
0.0378 0.999099
0.037825 0.999099
0.03785 0.999099
0.037875 0.999099
0.0379 0.999099
0.037925 0.999099
0.03795 0.999099
0.037975 0.999099
0.038 0.999099
0.038025 0.999099
0.03805 0.999099
0.038075 0.999099
0.0381 0.999099
0.038125 0.999099
0.03815 0.999099
0.038175 0.999099
0.0382 0.999099
0.038225 0.999099
0.03825 0.9991
0.038275 0.9991
0.0383 0.9991
0.038325 0.9991
0.03835 0.9991
0.038375 0.9991
0.0384 0.9991
0.038425 0.9991
0.03845 0.9991
0.038475 0.9991
0.0385 0.9991
0.038525 0.9991
0.03855 0.9991
0.038575 0.9991
0.0386 0.9991
0.038625 0.9991
0.03865 0.9991
0.038675 0.9991
0.0387 0.9991
0.038725 0.9991
0.03875 0.9991
0.038775 0.9991
0.0388 0.9991
0.038825 0.9991
0.03885 0.9991
0.038875 0.9991
0.0389 0.9991
0.038925 0.9991
0.03895 0.9991
0.038975 0.9991
0.039 0.9991
0.039025 0.9991
0.03905 0.9991
0.039075 0.9991
0.0391 0.9991
0.039125 0.9991
0.03915 0.9991
0.039175 0.9991
0.0392 0.9991
0.039225 0.9991
0.03925 0.9991
0.039275 0.9991
0.0393 0.9991
0.039325 0.9991
0.03935 0.9991
0.039375 0.9991
0.0394 0.9991
0.039425 0.9991
0.03945 0.9991
0.039475 0.9991
0.0395 0.9991
0.039525 0.9991
0.03955 0.9991
0.039575 0.9991
0.0396 0.9991
0.039625 0.9991
0.03965 0.9991
0.039675 0.9991
0.0397 0.9991
0.039725 0.9991
0.03975 0.9991
0.039775 0.9991
0.0398 0.9991
0.039825 0.9991
0.03985 0.9991
0.039875 0.9991
0.0399 0.9991
0.039925 0.9991
0.03995 0.9991
0.039975 0.9991
0.04 0.9991
0.040025 0.9991
0.04005 0.9991
0.040075 0.9991
0.0401 0.9991
0.040125 0.9991
0.04015 0.9991
0.040175 0.9991
0.0402 0.9991
0.040225 0.9991
0.04025 0.9991
0.040275 0.9991
0.0403 0.9991
0.040325 0.9991
0.04035 0.9991
0.040375 0.9991
0.0404 0.9991
0.040425 0.9991
0.04045 0.9991
0.040475 0.9991
0.0405 0.9991
0.040525 0.9991
0.04055 0.9991
0.040575 0.9991
0.0406 0.9991
0.040625 0.9991
0.04065 0.9991
0.040675 0.9991
0.0407 0.9991
0.040725 0.9991
0.04075 0.9991
0.040775 0.9991
0.0408 0.9991
0.040825 0.9991
0.04085 0.9991
0.040875 0.9991
0.0409 0.9991
0.040925 0.9991
0.04095 0.9991
0.040975 0.9991
0.041 0.9991
0.041025 0.9991
0.04105 0.9991
0.041075 0.9991
0.0411 0.9991
0.041125 0.9991
0.04115 0.9991
0.041175 0.9991
0.0412 0.9991
0.041225 0.9991
0.04125 0.9991
0.041275 0.9991
0.0413 0.9991
0.041325 0.9991
0.04135 0.9991
0.041375 0.9991
0.0414 0.9991
0.041425 0.9991
0.04145 0.9991
0.041475 0.9991
0.0415 0.9991
0.041525 0.9991
0.04155 0.9991
0.041575 0.9991
0.0416 0.9991
0.041625 0.9991
0.04165 0.9991
0.041675 0.9991
0.0417 0.9991
0.041725 0.9991
0.04175 0.9991
0.041775 0.9991
0.0418 0.9991
0.041825 0.9991
0.04185 0.9991
0.041875 0.9991
0.0419 0.9991
0.041925 0.9991
0.04195 0.9991
0.041975 0.9991
0.042 0.9991
0.042025 0.9991
0.04205 0.9991
0.042075 0.9991
0.0421 0.9991
0.042125 0.9991
0.04215 0.9991
0.042175 0.9991
0.0422 0.9991
0.042225 0.9991
0.04225 0.9991
0.042275 0.9991
0.0423 0.9991
0.042325 0.9991
0.04235 0.9991
0.042375 0.9991
0.0424 0.9991
0.042425 0.9991
0.04245 0.9991
0.042475 0.9991
0.0425 0.9991
0.042525 0.9991
0.04255 0.9991
0.042575 0.9991
0.0426 0.9991
0.042625 0.9991
0.04265 0.9991
0.042675 0.9991
0.0427 0.9991
0.042725 0.9991
0.04275 0.9991
0.042775 0.9991
0.0428 0.9991
0.042825 0.9991
0.04285 0.9991
0.042875 0.9991
0.0429 0.9991
0.042925 0.9991
0.04295 0.9991
0.042975 0.9991
0.043 0.9991
0.043025 0.9991
0.04305 0.9991
0.043075 0.9991
0.0431 0.9991
0.043125 0.9991
0.04315 0.9991
0.043175 0.9991
0.0432 0.9991
0.043225 0.9991
0.04325 0.9991
0.043275 0.9991
0.0433 0.9991
0.043325 0.9991
0.04335 0.9991
0.043375 0.9991
0.0434 0.9991
0.043425 0.9991
0.04345 0.9991
0.043475 0.9991
0.0435 0.9991
0.043525 0.9991
0.04355 0.9991
0.043575 0.9991
0.0436 0.9991
0.043625 0.9991
0.04365 0.9991
0.043675 0.9991
0.0437 0.9991
0.043725 0.9991
0.04375 0.9991
0.043775 0.9991
0.0438 0.9991
0.043825 0.9991
0.04385 0.9991
0.043875 0.9991
0.0439 0.9991
0.043925 0.9991
0.04395 0.9991
0.043975 0.9991
0.044 0.9991
0.044025 0.9991
0.04405 0.9991
0.044075 0.9991
0.0441 0.9991
0.044125 0.9991
0.04415 0.9991
0.044175 0.9991
0.0442 0.9991
0.044225 0.9991
0.04425 0.9991
0.044275 0.9991
0.0443 0.9991
0.044325 0.9991
0.04435 0.9991
0.044375 0.9991
0.0444 0.9991
0.044425 0.9991
0.04445 0.9991
0.044475 0.9991
0.0445 0.9991
0.044525 0.9991
0.04455 0.9991
0.044575 0.9991
0.0446 0.9991
0.044625 0.9991
0.04465 0.9991
0.044675 0.9991
0.0447 0.9991
0.044725 0.9991
0.04475 0.9991
0.044775 0.9991
0.0448 0.9991
0.044825 0.9991
0.04485 0.9991
0.044875 0.9991
0.0449 0.9991
0.044925 0.9991
0.04495 0.9991
0.044975 0.9991
0.045 0.9991
0.045025 0.9991
0.04505 0.9991
0.045075 0.9991
0.0451 0.9991
0.045125 0.9991
0.04515 0.9991
0.045175 0.9991
0.0452 0.9991
0.045225 0.9991
0.04525 0.9991
0.045275 0.9991
0.0453 0.9991
0.045325 0.9991
0.04535 0.9991
0.045375 0.9991
0.0454 0.9991
0.045425 0.9991
0.04545 0.9991
0.045475 0.9991
0.0455 0.9991
0.045525 0.9991
0.04555 0.9991
0.045575 0.9991
0.0456 0.9991
0.045625 0.9991
0.04565 0.9991
0.045675 0.9991
0.0457 0.9991
0.045725 0.9991
0.04575 0.9991
0.045775 0.9991
0.0458 0.9991
0.045825 0.9991
0.04585 0.9991
0.045875 0.9991
0.0459 0.9991
0.045925 0.9991
0.04595 0.9991
0.045975 0.9991
0.046 0.9991
0.046025 0.9991
0.04605 0.9991
0.046075 0.9991
0.0461 0.9991
0.046125 0.9991
0.04615 0.9991
0.046175 0.9991
0.0462 0.9991
0.046225 0.9991
0.04625 0.9991
0.046275 0.9991
0.0463 0.9991
0.046325 0.9991
0.04635 0.9991
0.046375 0.9991
0.0464 0.9991
0.046425 0.9991
0.04645 0.9991
0.046475 0.9991
0.0465 0.9991
0.046525 0.9991
0.04655 0.9991
0.046575 0.9991
0.0466 0.9991
0.046625 0.9991
0.04665 0.9991
0.046675 0.9991
0.0467 0.9991
0.046725 0.9991
0.04675 0.9991
0.046775 0.9991
0.0468 0.9991
0.046825 0.9991
0.04685 0.9991
0.046875 0.9991
0.0469 0.9991
0.046925 0.9991
0.04695 0.9991
0.046975 0.9991
0.047 0.9991
0.047025 0.9991
0.04705 0.9991
0.047075 0.9991
0.0471 0.9991
0.047125 0.9991
0.04715 0.9991
0.047175 0.9991
0.0472 0.9991
0.047225 0.9991
0.04725 0.9991
0.047275 0.9991
0.0473 0.9991
0.047325 0.9991
0.04735 0.9991
0.047375 0.9991
0.0474 0.9991
0.047425 0.9991
0.04745 0.9991
0.047475 0.9991
0.0475 0.9991
0.047525 0.9991
0.04755 0.9991
0.047575 0.9991
0.0476 0.9991
0.047625 0.9991
0.04765 0.9991
0.047675 0.9991
0.0477 0.9991
0.047725 0.9991
0.04775 0.9991
0.047775 0.9991
0.0478 0.9991
0.047825 0.9991
0.04785 0.9991
0.047875 0.9991
0.0479 0.9991
0.047925 0.9991
0.04795 0.9991
0.047975 0.9991
0.048 0.9991
0.048025 0.9991
0.04805 0.9991
0.048075 0.9991
0.0481 0.9991
0.048125 0.9991
0.04815 0.9991
0.048175 0.9991
0.0482 0.9991
0.048225 0.9991
0.04825 0.9991
0.048275 0.9991
0.0483 0.9991
0.048325 0.9991
0.04835 0.9991
0.048375 0.9991
0.0484 0.9991
0.048425 0.9991
0.04845 0.9991
0.048475 0.9991
0.0485 0.9991
0.048525 0.9991
0.04855 0.9991
0.048575 0.9991
0.0486 0.9991
0.048625 0.9991
0.04865 0.9991
0.048675 0.9991
0.0487 0.9991
0.048725 0.9991
0.04875 0.9991
0.048775 0.9991
0.0488 0.9991
0.048825 0.9991
0.04885 0.9991
0.048875 0.9991
0.0489 0.9991
0.048925 0.9991
0.04895 0.9991
0.048975 0.9991
0.049 0.9991
0.049025 0.9991
0.04905 0.9991
0.049075 0.9991
0.0491 0.9991
0.049125 0.9991
0.04915 0.9991
0.049175 0.9991
0.0492 0.9991
0.049225 0.9991
0.04925 0.9991
0.049275 0.9991
0.0493 0.9991
0.049325 0.9991
0.04935 0.9991
0.049375 0.9991
0.0494 0.9991
0.049425 0.9991
0.04945 0.9991
0.049475 0.9991
0.0495 0.9991
0.049525 0.9991
0.04955 0.9991
0.049575 0.9991
0.0496 0.9991
0.049625 0.9991
0.04965 0.9991
0.049675 0.9991
0.0497 0.9991
0.049725 0.9991
0.04975 0.9991
0.049775 0.9991
0.0498 0.9991
0.049825 0.9991
0.04985 0.9991
0.049875 0.9991
0.0499 0.9991
0.049925 0.9991
0.04995 0.9991
0.049975 0.9991
0.05 0.9991
0.050025 0.9991
0.05005 0.9991
0.050075 0.9991
0.0501 0.9991
0.050125 0.9991
0.05015 0.9991
0.050175 0.9991
0.0502 0.9991
0.050225 0.9991
0.05025 0.9991
0.050275 0.9991
0.0503 0.9991
0.050325 0.9991
0.05035 0.9991
0.050375 0.9991
0.0504 0.9991
0.050425 0.9991
0.05045 0.9991
0.050475 0.9991
0.0505 0.9991
0.050525 0.9991
0.05055 0.9991
0.050575 0.9991
0.0506 0.9991
0.050625 0.9991
0.05065 0.9991
0.050675 0.9991
0.0507 0.9991
0.050725 0.9991
0.05075 0.9991
0.050775 0.9991
0.0508 0.9991
0.050825 0.9991
0.05085 0.9991
0.050875 0.9991
0.0509 0.9991
0.050925 0.9991
0.05095 0.9991
0.050975 0.9991
0.051 0.9991
0.051025 0.9991
0.05105 0.9991
0.051075 0.9991
0.0511 0.9991
0.051125 0.9991
0.05115 0.9991
0.051175 0.9991
0.0512 0.9991
0.051225 0.9991
0.05125 0.9991
0.051275 0.9991
0.0513 0.9991
0.051325 0.9991
0.05135 0.9991
0.051375 0.9991
0.0514 0.9991
0.051425 0.9991
0.05145 0.9991
0.051475 0.9991
0.0515 0.9991
0.051525 0.9991
0.05155 0.9991
0.051575 0.9991
0.0516 0.9991
0.051625 0.9991
0.05165 0.9991
0.051675 0.9991
0.0517 0.9991
0.051725 0.9991
0.05175 0.9991
0.051775 0.9991
0.0518 0.9991
0.051825 0.9991
0.05185 0.9991
0.051875 0.9991
0.0519 0.9991
0.051925 0.9991
0.05195 0.9991
0.051975 0.9991
0.052 0.9991
0.052025 0.9991
0.05205 0.9991
0.052075 0.9991
0.0521 0.9991
0.052125 0.9991
0.05215 0.9991
0.052175 0.9991
0.0522 0.9991
0.052225 0.9991
0.05225 0.9991
0.052275 0.9991
0.0523 0.9991
0.052325 0.9991
0.05235 0.9991
0.052375 0.9991
0.0524 0.9991
0.052425 0.9991
0.05245 0.9991
0.052475 0.9991
0.0525 0.9991
0.052525 0.9991
0.05255 0.9991
0.052575 0.9991
0.0526 0.9991
0.052625 0.9991
0.05265 0.9991
0.052675 0.9991
0.0527 0.9991
0.052725 0.9991
0.05275 0.9991
0.052775 0.9991
0.0528 0.9991
0.052825 0.9991
0.05285 0.9991
0.052875 0.9991
0.0529 0.9991
0.052925 0.9991
0.05295 0.9991
0.052975 0.9991
0.053 0.9991
0.053025 0.9991
0.05305 0.9991
0.053075 0.9991
0.0531 0.9991
0.053125 0.9991
0.05315 0.9991
0.053175 0.9991
0.0532 0.9991
0.053225 0.9991
0.05325 0.9991
0.053275 0.9991
0.0533 0.9991
0.053325 0.9991
0.05335 0.9991
0.053375 0.9991
0.0534 0.9991
0.053425 0.9991
0.05345 0.9991
0.053475 0.9991
0.0535 0.9991
0.053525 0.9991
0.05355 0.9991
0.053575 0.9991
0.0536 0.9991
0.053625 0.9991
0.05365 0.9991
0.053675 0.9991
0.0537 0.9991
0.053725 0.9991
0.05375 0.9991
0.053775 0.9991
0.0538 0.9991
0.053825 0.9991
0.05385 0.9991
0.053875 0.9991
0.0539 0.9991
0.053925 0.9991
0.05395 0.9991
0.053975 0.9991
0.054 0.9991
0.054025 0.9991
0.05405 0.9991
0.054075 0.9991
0.0541 0.9991
0.054125 0.9991
0.05415 0.9991
0.054175 0.9991
0.0542 0.9991
0.054225 0.9991
0.05425 0.9991
0.054275 0.9991
0.0543 0.9991
0.054325 0.9991
0.05435 0.9991
0.054375 0.9991
0.0544 0.9991
0.054425 0.9991
0.05445 0.9991
0.054475 0.9991
0.0545 0.9991
0.054525 0.9991
0.05455 0.9991
0.054575 0.9991
0.0546 0.9991
0.054625 0.9991
0.05465 0.9991
0.054675 0.9991
0.0547 0.9991
0.054725 0.9991
0.05475 0.9991
0.054775 0.9991
0.0548 0.9991
0.054825 0.9991
0.05485 0.9991
0.054875 0.9991
0.0549 0.9991
0.054925 0.9991
0.05495 0.9991
0.054975 0.9991
0.055 0.9991
0.055025 0.9991
0.05505 0.9991
0.055075 0.9991
0.0551 0.9991
0.055125 0.9991
0.05515 0.9991
0.055175 0.9991
0.0552 0.9991
0.055225 0.9991
0.05525 0.9991
0.055275 0.9991
0.0553 0.9991
0.055325 0.9991
0.05535 0.9991
0.055375 0.9991
0.0554 0.9991
0.055425 0.9991
0.05545 0.9991
0.055475 0.9991
0.0555 0.9991
0.055525 0.9991
0.05555 0.9991
0.055575 0.9991
0.0556 0.9991
0.055625 0.9991
0.05565 0.9991
0.055675 0.9991
0.0557 0.9991
0.055725 0.9991
0.05575 0.9991
0.055775 0.9991
0.0558 0.9991
0.055825 0.9991
0.05585 0.9991
0.055875 0.9991
0.0559 0.9991
0.055925 0.9991
0.05595 0.9991
0.055975 0.9991
0.056 0.9991
0.056025 0.9991
0.05605 0.9991
0.056075 0.9991
0.0561 0.9991
0.056125 0.9991
0.05615 0.9991
0.056175 0.9991
0.0562 0.9991
0.056225 0.9991
0.05625 0.9991
0.056275 0.9991
0.0563 0.9991
0.056325 0.9991
0.05635 0.9991
0.056375 0.9991
0.0564 0.9991
0.056425 0.9991
0.05645 0.9991
0.056475 0.9991
0.0565 0.9991
0.056525 0.9991
0.05655 0.9991
0.056575 0.9991
0.0566 0.9991
0.056625 0.9991
0.05665 0.9991
0.056675 0.9991
0.0567 0.9991
0.056725 0.9991
0.05675 0.9991
0.056775 0.9991
0.0568 0.9991
0.056825 0.9991
0.05685 0.9991
0.056875 0.9991
0.0569 0.9991
0.056925 0.9991
0.05695 0.9991
0.056975 0.9991
0.057 0.9991
0.057025 0.9991
0.05705 0.9991
0.057075 0.9991
0.0571 0.9991
0.057125 0.9991
0.05715 0.9991
0.057175 0.9991
0.0572 0.9991
0.057225 0.9991
0.05725 0.9991
0.057275 0.9991
0.0573 0.9991
0.057325 0.9991
0.05735 0.9991
0.057375 0.9991
0.0574 0.9991
0.057425 0.9991
0.05745 0.9991
0.057475 0.9991
0.0575 0.9991
0.057525 0.9991
0.05755 0.9991
0.057575 0.9991
0.0576 0.9991
0.057625 0.9991
0.05765 0.9991
0.057675 0.9991
0.0577 0.9991
0.057725 0.9991
0.05775 0.9991
0.057775 0.9991
0.0578 0.9991
0.057825 0.9991
0.05785 0.9991
0.057875 0.9991
0.0579 0.9991
0.057925 0.9991
0.05795 0.9991
0.057975 0.9991
0.058 0.9991
0.058025 0.9991
0.05805 0.9991
0.058075 0.9991
0.0581 0.9991
0.058125 0.9991
0.05815 0.9991
0.058175 0.9991
0.0582 0.9991
0.058225 0.9991
0.05825 0.9991
0.058275 0.9991
0.0583 0.9991
0.058325 0.9991
0.05835 0.9991
0.058375 0.9991
0.0584 0.9991
0.058425 0.9991
0.05845 0.9991
0.058475 0.9991
0.0585 0.9991
0.058525 0.9991
0.05855 0.9991
0.058575 0.9991
0.0586 0.9991
0.058625 0.9991
0.05865 0.9991
0.058675 0.9991
0.0587 0.9991
0.058725 0.9991
0.05875 0.9991
0.058775 0.9991
0.0588 0.9991
0.058825 0.9991
0.05885 0.9991
0.058875 0.9991
0.0589 0.9991
0.058925 0.9991
0.05895 0.9991
0.058975 0.9991
0.059 0.9991
0.059025 0.9991
0.05905 0.9991
0.059075 0.9991
0.0591 0.9991
0.059125 0.9991
0.05915 0.9991
0.059175 0.9991
0.0592 0.9991
0.059225 0.9991
0.05925 0.9991
0.059275 0.9991
0.0593 0.9991
0.059325 0.9991
0.05935 0.9991
0.059375 0.9991
0.0594 0.9991
0.059425 0.9991
0.05945 0.9991
0.059475 0.9991
0.0595 0.9991
0.059525 0.9991
0.05955 0.9991
0.059575 0.9991
0.0596 0.9991
0.059625 0.9991
0.05965 0.9991
0.059675 0.9991
0.0597 0.9991
0.059725 0.9991
0.05975 0.9991
0.059775 0.9991
0.0598 0.9991
0.059825 0.9991
0.05985 0.9991
0.059875 0.9991
0.0599 0.9991
0.059925 0.9991
0.05995 0.9991
0.059975 0.9991
0.06 0.9991
0.060025 0.9991
0.06005 0.9991
0.060075 0.9991
0.0601 0.9991
0.060125 0.9991
0.06015 0.9991
0.060175 0.9991
0.0602 0.9991
0.060225 0.9991
0.06025 0.9991
0.060275 0.9991
0.0603 0.9991
0.060325 0.9991
0.06035 0.9991
0.060375 0.9991
0.0604 0.9991
0.060425 0.9991
0.06045 0.9991
0.060475 0.9991
0.0605 0.9991
0.060525 0.9991
0.06055 0.9991
0.060575 0.9991
0.0606 0.9991
0.060625 0.9991
0.06065 0.9991
0.060675 0.9991
0.0607 0.9991
0.060725 0.9991
0.06075 0.9991
0.060775 0.9991
0.0608 0.9991
0.060825 0.9991
0.06085 0.9991
0.060875 0.9991
0.0609 0.9991
0.060925 0.9991
0.06095 0.9991
0.060975 0.9991
0.061 0.9991
0.061025 0.9991
0.06105 0.9991
0.061075 0.9991
0.0611 0.9991
0.061125 0.9991
0.06115 0.9991
0.061175 0.9991
0.0612 0.9991
0.061225 0.9991
0.06125 0.9991
0.061275 0.9991
0.0613 0.9991
0.061325 0.9991
0.06135 0.9991
0.061375 0.9991
0.0614 0.9991
0.061425 0.9991
0.06145 0.9991
0.061475 0.9991
0.0615 0.9991
0.061525 0.9991
0.06155 0.9991
0.061575 0.9991
0.0616 0.9991
0.061625 0.9991
0.06165 0.9991
0.061675 0.9991
0.0617 0.9991
0.061725 0.9991
0.06175 0.9991
0.061775 0.9991
0.0618 0.9991
0.061825 0.9991
0.06185 0.9991
0.061875 0.9991
0.0619 0.9991
0.061925 0.9991
0.06195 0.9991
0.061975 0.9991
0.062 0.9991
0.062025 0.9991
0.06205 0.9991
0.062075 0.9991
0.0621 0.9991
0.062125 0.9991
0.06215 0.9991
0.062175 0.9991
0.0622 0.9991
0.062225 0.9991
0.06225 0.9991
0.062275 0.9991
0.0623 0.9991
0.062325 0.9991
0.06235 0.9991
0.062375 0.9991
0.0624 0.9991
0.062425 0.9991
0.06245 0.9991
0.062475 0.9991
0.0625 0.9991
0.062525 0.9991
0.06255 0.9991
0.062575 0.9991
0.0626 0.9991
0.062625 0.9991
0.06265 0.9991
0.062675 0.9991
0.0627 0.9991
0.062725 0.9991
0.06275 0.9991
0.062775 0.9991
0.0628 0.9991
0.062825 0.9991
0.06285 0.9991
0.062875 0.9991
0.0629 0.9991
0.062925 0.9991
0.06295 0.9991
0.062975 0.9991
0.063 0.9991
0.063025 0.9991
0.06305 0.9991
0.063075 0.9991
0.0631 0.9991
0.063125 0.9991
0.06315 0.9991
0.063175 0.9991
0.0632 0.9991
0.063225 0.9991
0.06325 0.9991
0.063275 0.9991
0.0633 0.9991
0.063325 0.9991
0.06335 0.9991
0.063375 0.9991
0.0634 0.9991
0.063425 0.9991
0.06345 0.9991
0.063475 0.9991
0.0635 0.9991
0.063525 0.9991
0.06355 0.9991
0.063575 0.9991
0.0636 0.9991
0.063625 0.9991
0.06365 0.9991
0.063675 0.9991
0.0637 0.9991
0.063725 0.9991
0.06375 0.9991
0.063775 0.9991
0.0638 0.9991
0.063825 0.9991
0.06385 0.9991
0.063875 0.9991
0.0639 0.9991
0.063925 0.9991
0.06395 0.9991
0.063975 0.9991
0.064 0.9991
0.064025 0.9991
0.06405 0.9991
0.064075 0.9991
0.0641 0.9991
0.064125 0.9991
0.06415 0.9991
0.064175 0.9991
0.0642 0.9991
0.064225 0.9991
0.06425 0.9991
0.064275 0.9991
0.0643 0.9991
0.064325 0.9991
0.06435 0.9991
0.064375 0.9991
0.0644 0.9991
0.064425 0.9991
0.06445 0.9991
0.064475 0.9991
0.0645 0.9991
0.064525 0.9991
0.06455 0.9991
0.064575 0.9991
0.0646 0.9991
0.064625 0.9991
0.06465 0.9991
0.064675 0.9991
0.0647 0.9991
0.064725 0.9991
0.06475 0.9991
0.064775 0.9991
0.0648 0.9991
0.064825 0.9991
0.06485 0.9991
0.064875 0.9991
0.0649 0.9991
0.064925 0.9991
0.06495 0.9991
0.064975 0.9991
0.065 0.9991
0.065025 0.9991
0.06505 0.9991
0.065075 0.9991
0.0651 0.9991
0.065125 0.9991
0.06515 0.9991
0.065175 0.9991
0.0652 0.9991
0.065225 0.9991
0.06525 0.9991
0.065275 0.9991
0.0653 0.9991
0.065325 0.9991
0.06535 0.9991
0.065375 0.9991
0.0654 0.9991
0.065425 0.9991
0.06545 0.9991
0.065475 0.9991
0.0655 0.9991
0.065525 0.9991
0.06555 0.9991
0.065575 0.9991
0.0656 0.9991
0.065625 0.9991
0.06565 0.9991
0.065675 0.9991
0.0657 0.9991
0.065725 0.9991
0.06575 0.9991
0.065775 0.9991
0.0658 0.9991
0.065825 0.9991
0.06585 0.9991
0.065875 0.9991
0.0659 0.9991
0.065925 0.9991
0.06595 0.9991
0.065975 0.9991
0.066 0.9991
0.066025 0.9991
0.06605 0.9991
0.066075 0.9991
0.0661 0.9991
0.066125 0.9991
0.06615 0.9991
0.066175 0.9991
0.0662 0.9991
0.066225 0.9991
0.06625 0.9991
0.066275 0.9991
0.0663 0.9991
0.066325 0.9991
0.06635 0.9991
0.066375 0.9991
0.0664 0.9991
0.066425 0.9991
0.06645 0.9991
0.066475 0.9991
0.0665 0.9991
0.066525 0.9991
0.06655 0.9991
0.066575 0.9991
0.0666 0.9991
0.066625 0.9991
0.06665 0.9991
0.066675 0.9991
0.0667 0.9991
0.066725 0.9991
0.06675 0.9991
0.066775 0.9991
0.0668 0.9991
0.066825 0.9991
0.06685 0.9991
0.066875 0.9991
0.0669 0.9991
0.066925 0.9991
0.06695 0.9991
0.066975 0.9991
0.067 0.9991
0.067025 0.9991
0.06705 0.9991
0.067075 0.9991
0.0671 0.9991
0.067125 0.9991
0.06715 0.9991
0.067175 0.9991
0.0672 0.9991
0.067225 0.9991
0.06725 0.9991
0.067275 0.9991
0.0673 0.9991
0.067325 0.9991
0.06735 0.9991
0.067375 0.9991
0.0674 0.9991
0.067425 0.9991
0.06745 0.9991
0.067475 0.9991
0.0675 0.9991
0.067525 0.9991
0.06755 0.9991
0.067575 0.9991
0.0676 0.9991
0.067625 0.9991
0.06765 0.9991
0.067675 0.9991
0.0677 0.9991
0.067725 0.9991
0.06775 0.9991
0.067775 0.9991
0.0678 0.9991
0.067825 0.9991
0.06785 0.9991
0.067875 0.9991
0.0679 0.9991
0.067925 0.9991
0.06795 0.9991
0.067975 0.9991
0.068 0.9991
0.068025 0.9991
0.06805 0.9991
0.068075 0.9991
0.0681 0.9991
0.068125 0.9991
0.06815 0.9991
0.068175 0.9991
0.0682 0.9991
0.068225 0.9991
0.06825 0.9991
0.068275 0.9991
0.0683 0.9991
0.068325 0.9991
0.06835 0.9991
0.068375 0.9991
0.0684 0.9991
0.068425 0.9991
0.06845 0.9991
0.068475 0.9991
0.0685 0.9991
0.068525 0.9991
0.06855 0.9991
0.068575 0.9991
0.0686 0.9991
0.068625 0.9991
0.06865 0.9991
0.068675 0.9991
0.0687 0.9991
0.068725 0.9991
0.06875 0.9991
0.068775 0.9991
0.0688 0.9991
0.068825 0.9991
0.06885 0.9991
0.068875 0.9991
0.0689 0.9991
0.068925 0.9991
0.06895 0.9991
0.068975 0.9991
0.069 0.9991
0.069025 0.9991
0.06905 0.9991
0.069075 0.9991
0.0691 0.9991
0.069125 0.9991
0.06915 0.9991
0.069175 0.9991
0.0692 0.9991
0.069225 0.9991
0.06925 0.9991
0.069275 0.9991
0.0693 0.9991
0.069325 0.9991
0.06935 0.9991
0.069375 0.9991
0.0694 0.9991
0.069425 0.9991
0.06945 0.9991
0.069475 0.9991
0.0695 0.9991
0.069525 0.9991
0.06955 0.9991
0.069575 0.9991
0.0696 0.9991
0.069625 0.9991
0.06965 0.9991
0.069675 0.9991
0.0697 0.9991
0.069725 0.9991
0.06975 0.9991
0.069775 0.9991
0.0698 0.9991
0.069825 0.9991
0.06985 0.9991
0.069875 0.9991
0.0699 0.9991
0.069925 0.9991
0.06995 0.9991
0.069975 0.9991
0.07 0.9991
0.070025 0.9991
0.07005 0.9991
0.070075 0.9991
0.0701 0.9991
0.070125 0.9991
0.07015 0.9991
0.070175 0.9991
0.0702 0.9991
0.070225 0.9991
0.07025 0.9991
0.070275 0.9991
0.0703 0.9991
0.070325 0.9991
0.07035 0.9991
0.070375 0.9991
0.0704 0.9991
0.070425 0.9991
0.07045 0.9991
0.070475 0.9991
0.0705 0.9991
0.070525 0.9991
0.07055 0.9991
0.070575 0.9991
0.0706 0.9991
0.070625 0.9991
0.07065 0.9991
0.070675 0.9991
0.0707 0.9991
0.070725 0.9991
0.07075 0.9991
0.070775 0.9991
0.0708 0.9991
0.070825 0.9991
0.07085 0.9991
0.070875 0.9991
0.0709 0.9991
0.070925 0.9991
0.07095 0.9991
0.070975 0.9991
0.071 0.9991
0.071025 0.9991
0.07105 0.9991
0.071075 0.9991
0.0711 0.9991
0.071125 0.9991
0.07115 0.9991
0.071175 0.9991
0.0712 0.9991
0.071225 0.9991
0.07125 0.9991
0.071275 0.9991
0.0713 0.9991
0.071325 0.9991
0.07135 0.9991
0.071375 0.9991
0.0714 0.9991
0.071425 0.9991
0.07145 0.9991
0.071475 0.9991
0.0715 0.9991
0.071525 0.9991
0.07155 0.9991
0.071575 0.9991
0.0716 0.9991
0.071625 0.9991
0.07165 0.9991
0.071675 0.9991
0.0717 0.9991
0.071725 0.9991
0.07175 0.9991
0.071775 0.9991
0.0718 0.9991
0.071825 0.9991
0.07185 0.9991
0.071875 0.9991
0.0719 0.9991
0.071925 0.9991
0.07195 0.9991
0.071975 0.9991
0.072 0.9991
0.072025 0.9991
0.07205 0.9991
0.072075 0.9991
0.0721 0.9991
0.072125 0.9991
0.07215 0.9991
0.072175 0.9991
0.0722 0.9991
0.072225 0.9991
0.07225 0.9991
0.072275 0.9991
0.0723 0.9991
0.072325 0.9991
0.07235 0.9991
0.072375 0.9991
0.0724 0.9991
0.072425 0.9991
0.07245 0.9991
0.072475 0.9991
0.0725 0.9991
0.072525 0.9991
0.07255 0.9991
0.072575 0.9991
0.0726 0.9991
0.072625 0.9991
0.07265 0.9991
0.072675 0.9991
0.0727 0.9991
0.072725 0.9991
0.07275 0.9991
0.072775 0.9991
0.0728 0.9991
0.072825 0.9991
0.07285 0.9991
0.072875 0.9991
0.0729 0.9991
0.072925 0.9991
0.07295 0.9991
0.072975 0.9991
0.073 0.9991
0.073025 0.9991
0.07305 0.9991
0.073075 0.9991
0.0731 0.9991
0.073125 0.9991
0.07315 0.9991
0.073175 0.9991
0.0732 0.9991
0.073225 0.9991
0.07325 0.9991
0.073275 0.9991
0.0733 0.9991
0.073325 0.9991
0.07335 0.9991
0.073375 0.9991
0.0734 0.9991
0.073425 0.9991
0.07345 0.9991
0.073475 0.9991
0.0735 0.9991
0.073525 0.9991
0.07355 0.9991
0.073575 0.9991
0.0736 0.9991
0.073625 0.9991
0.07365 0.9991
0.073675 0.9991
0.0737 0.9991
0.073725 0.9991
0.07375 0.9991
0.073775 0.9991
0.0738 0.9991
0.073825 0.9991
0.07385 0.9991
0.073875 0.9991
0.0739 0.9991
0.073925 0.9991
0.07395 0.9991
0.073975 0.9991
0.074 0.9991
0.074025 0.9991
0.07405 0.9991
0.074075 0.9991
0.0741 0.9991
0.074125 0.9991
0.07415 0.9991
0.074175 0.9991
0.0742 0.9991
0.074225 0.9991
0.07425 0.9991
0.074275 0.9991
0.0743 0.9991
0.074325 0.9991
0.07435 0.9991
0.074375 0.9991
0.0744 0.9991
0.074425 0.9991
0.07445 0.9991
0.074475 0.9991
0.0745 0.9991
0.074525 0.9991
0.07455 0.9991
0.074575 0.9991
0.0746 0.9991
0.074625 0.9991
0.07465 0.9991
0.074675 0.9991
0.0747 0.9991
0.074725 0.9991
0.07475 0.9991
0.074775 0.9991
0.0748 0.9991
0.074825 0.9991
0.07485 0.9991
0.074875 0.9991
0.0749 0.9991
0.074925 0.9991
0.07495 0.9991
0.074975 0.9991
0.075 0.9991
0.075025 0.9991
0.07505 0.9991
0.075075 0.9991
0.0751 0.9991
0.075125 0.9991
0.07515 0.9991
0.075175 0.9991
0.0752 0.9991
0.075225 0.9991
0.07525 0.9991
0.075275 0.9991
0.0753 0.9991
0.075325 0.9991
0.07535 0.9991
0.075375 0.9991
0.0754 0.9991
0.075425 0.9991
0.07545 0.9991
0.075475 0.9991
0.0755 0.9991
0.075525 0.9991
0.07555 0.9991
0.075575 0.9991
0.0756 0.9991
0.075625 0.9991
0.07565 0.9991
0.075675 0.9991
0.0757 0.9991
0.075725 0.9991
0.07575 0.9991
0.075775 0.9991
0.0758 0.9991
0.075825 0.9991
0.07585 0.9991
0.075875 0.9991
0.0759 0.9991
0.075925 0.9991
0.07595 0.9991
0.075975 0.9991
0.076 0.9991
0.076025 0.9991
0.07605 0.9991
0.076075 0.9991
0.0761 0.9991
0.076125 0.9991
0.07615 0.9991
0.076175 0.9991
0.0762 0.9991
0.076225 0.9991
0.07625 0.9991
0.076275 0.9991
0.0763 0.9991
0.076325 0.9991
0.07635 0.9991
0.076375 0.9991
0.0764 0.9991
0.076425 0.9991
0.07645 0.9991
0.076475 0.9991
0.0765 0.9991
0.076525 0.9991
0.07655 0.9991
0.076575 0.9991
0.0766 0.9991
0.076625 0.9991
0.07665 0.9991
0.076675 0.9991
0.0767 0.9991
0.076725 0.9991
0.07675 0.9991
0.076775 0.9991
0.0768 0.9991
0.076825 0.9991
0.07685 0.9991
0.076875 0.9991
0.0769 0.9991
0.076925 0.9991
0.07695 0.9991
0.076975 0.9991
0.077 0.9991
0.077025 0.9991
0.07705 0.9991
0.077075 0.9991
0.0771 0.9991
0.077125 0.9991
0.07715 0.9991
0.077175 0.9991
0.0772 0.9991
0.077225 0.9991
0.07725 0.9991
0.077275 0.9991
0.0773 0.9991
0.077325 0.9991
0.07735 0.9991
0.077375 0.9991
0.0774 0.9991
0.077425 0.9991
0.07745 0.9991
0.077475 0.9991
0.0775 0.9991
0.077525 0.9991
0.07755 0.9991
0.077575 0.9991
0.0776 0.9991
0.077625 0.9991
0.07765 0.9991
0.077675 0.9991
0.0777 0.9991
0.077725 0.9991
0.07775 0.9991
0.077775 0.9991
0.0778 0.9991
0.077825 0.9991
0.07785 0.9991
0.077875 0.9991
0.0779 0.9991
0.077925 0.9991
0.07795 0.9991
0.077975 0.9991
0.078 0.9991
0.078025 0.9991
0.07805 0.9991
0.078075 0.9991
0.0781 0.9991
0.078125 0.9991
0.07815 0.9991
0.078175 0.9991
0.0782 0.9991
0.078225 0.9991
0.07825 0.9991
0.078275 0.9991
0.0783 0.9991
0.078325 0.9991
0.07835 0.9991
0.078375 0.9991
0.0784 0.9991
0.078425 0.9991
0.07845 0.9991
0.078475 0.9991
0.0785 0.9991
0.078525 0.9991
0.07855 0.9991
0.078575 0.9991
0.0786 0.9991
0.078625 0.9991
0.07865 0.9991
0.078675 0.9991
0.0787 0.9991
0.078725 0.9991
0.07875 0.9991
0.078775 0.9991
0.0788 0.9991
0.078825 0.9991
0.07885 0.9991
0.078875 0.9991
0.0789 0.9991
0.078925 0.9991
0.07895 0.9991
0.078975 0.9991
0.079 0.9991
0.079025 0.9991
0.07905 0.9991
0.079075 0.9991
0.0791 0.9991
0.079125 0.9991
0.07915 0.9991
0.079175 0.9991
0.0792 0.9991
0.079225 0.9991
0.07925 0.9991
0.079275 0.9991
0.0793 0.9991
0.079325 0.9991
0.07935 0.9991
0.079375 0.9991
0.0794 0.9991
0.079425 0.9991
0.07945 0.9991
0.079475 0.9991
0.0795 0.9991
0.079525 0.9991
0.07955 0.9991
0.079575 0.9991
0.0796 0.9991
0.079625 0.9991
0.07965 0.9991
0.079675 0.9991
0.0797 0.9991
0.079725 0.9991
0.07975 0.9991
0.079775 0.9991
0.0798 0.9991
0.079825 0.9991
0.07985 0.9991
0.079875 0.9991
0.0799 0.9991
0.079925 0.9991
0.07995 0.9991
0.079975 0.9991
0.08 0.9991
0.080025 0.9991
0.08005 0.9991
0.080075 0.9991
0.0801 0.9991
0.080125 0.9991
0.08015 0.9991
0.080175 0.9991
0.0802 0.9991
0.080225 0.9991
0.08025 0.9991
0.080275 0.9991
0.0803 0.9991
0.080325 0.9991
0.08035 0.9991
0.080375 0.9991
0.0804 0.9991
0.080425 0.9991
0.08045 0.9991
0.080475 0.9991
0.0805 0.9991
0.080525 0.9991
0.08055 0.9991
0.080575 0.9991
0.0806 0.9991
0.080625 0.9991
0.08065 0.9991
0.080675 0.9991
0.0807 0.9991
0.080725 0.9991
0.08075 0.9991
0.080775 0.9991
0.0808 0.9991
0.080825 0.9991
0.08085 0.9991
0.080875 0.9991
0.0809 0.9991
0.080925 0.9991
0.08095 0.9991
0.080975 0.9991
0.081 0.9991
0.081025 0.9991
0.08105 0.9991
0.081075 0.9991
0.0811 0.9991
0.081125 0.9991
0.08115 0.9991
0.081175 0.9991
0.0812 0.9991
0.081225 0.9991
0.08125 0.9991
0.081275 0.9991
0.0813 0.9991
0.081325 0.9991
0.08135 0.9991
0.081375 0.9991
0.0814 0.9991
0.081425 0.9991
0.08145 0.9991
0.081475 0.9991
0.0815 0.9991
0.081525 0.9991
0.08155 0.9991
0.081575 0.9991
0.0816 0.9991
0.081625 0.9991
0.08165 0.9991
0.081675 0.9991
0.0817 0.9991
0.081725 0.9991
0.08175 0.9991
0.081775 0.9991
0.0818 0.9991
0.081825 0.9991
0.08185 0.9991
0.081875 0.9991
0.0819 0.9991
0.081925 0.9991
0.08195 0.9991
0.081975 0.9991
0.082 0.9991
0.082025 0.9991
0.08205 0.9991
0.082075 0.9991
0.0821 0.9991
0.082125 0.9991
0.08215 0.9991
0.082175 0.9991
0.0822 0.9991
0.082225 0.9991
0.08225 0.9991
0.082275 0.9991
0.0823 0.9991
0.082325 0.9991
0.08235 0.9991
0.082375 0.9991
0.0824 0.9991
0.082425 0.9991
0.08245 0.9991
0.082475 0.9991
0.0825 0.9991
0.082525 0.9991
0.08255 0.9991
0.082575 0.9991
0.0826 0.9991
0.082625 0.9991
0.08265 0.9991
0.082675 0.9991
0.0827 0.9991
0.082725 0.9991
0.08275 0.9991
0.082775 0.9991
0.0828 0.9991
0.082825 0.9991
0.08285 0.9991
0.082875 0.9991
0.0829 0.9991
0.082925 0.9991
0.08295 0.9991
0.082975 0.9991
0.083 0.9991
0.083025 0.9991
0.08305 0.9991
0.083075 0.9991
0.0831 0.9991
0.083125 0.9991
0.08315 0.9991
0.083175 0.9991
0.0832 0.9991
0.083225 0.9991
0.08325 0.9991
0.083275 0.9991
0.0833 0.9991
0.083325 0.9991
0.08335 0.9991
0.083375 0.9991
0.0834 0.9991
0.083425 0.9991
0.08345 0.9991
0.083475 0.9991
0.0835 0.9991
0.083525 0.9991
0.08355 0.9991
0.083575 0.9991
0.0836 0.9991
0.083625 0.9991
0.08365 0.9991
0.083675 0.9991
0.0837 0.9991
0.083725 0.9991
0.08375 0.9991
0.083775 0.9991
0.0838 0.9991
0.083825 0.9991
0.08385 0.9991
0.083875 0.9991
0.0839 0.9991
0.083925 0.9991
0.08395 0.9991
0.083975 0.9991
0.084 0.9991
0.084025 0.9991
0.08405 0.9991
0.084075 0.9991
0.0841 0.9991
0.084125 0.9991
0.08415 0.9991
0.084175 0.9991
0.0842 0.9991
0.084225 0.9991
0.08425 0.9991
0.084275 0.9991
0.0843 0.9991
0.084325 0.9991
0.08435 0.9991
0.084375 0.9991
0.0844 0.9991
0.084425 0.9991
0.08445 0.9991
0.084475 0.9991
0.0845 0.9991
0.084525 0.9991
0.08455 0.9991
0.084575 0.9991
0.0846 0.9991
0.084625 0.9991
0.08465 0.9991
0.084675 0.9991
0.0847 0.9991
0.084725 0.9991
0.08475 0.9991
0.084775 0.9991
0.0848 0.9991
0.084825 0.9991
0.08485 0.9991
0.084875 0.9991
0.0849 0.9991
0.084925 0.9991
0.08495 0.9991
0.084975 0.9991
0.085 0.9991
0.085025 0.9991
0.08505 0.9991
0.085075 0.9991
0.0851 0.9991
0.085125 0.9991
0.08515 0.9991
0.085175 0.9991
0.0852 0.9991
0.085225 0.9991
0.08525 0.9991
0.085275 0.9991
0.0853 0.9991
0.085325 0.9991
0.08535 0.9991
0.085375 0.9991
0.0854 0.9991
0.085425 0.9991
0.08545 0.9991
0.085475 0.9991
0.0855 0.9991
0.085525 0.9991
0.08555 0.9991
0.085575 0.9991
0.0856 0.9991
0.085625 0.9991
0.08565 0.9991
0.085675 0.9991
0.0857 0.9991
0.085725 0.9991
0.08575 0.9991
0.085775 0.9991
0.0858 0.9991
0.085825 0.9991
0.08585 0.9991
0.085875 0.9991
0.0859 0.9991
0.085925 0.9991
0.08595 0.9991
0.085975 0.9991
0.086 0.9991
0.086025 0.9991
0.08605 0.9991
0.086075 0.9991
0.0861 0.9991
0.086125 0.9991
0.08615 0.9991
0.086175 0.9991
0.0862 0.9991
0.086225 0.9991
0.08625 0.9991
0.086275 0.9991
0.0863 0.9991
0.086325 0.9991
0.08635 0.9991
0.086375 0.9991
0.0864 0.9991
0.086425 0.9991
0.08645 0.9991
0.086475 0.9991
0.0865 0.9991
0.086525 0.9991
0.08655 0.9991
0.086575 0.9991
0.0866 0.9991
0.086625 0.9991
0.08665 0.9991
0.086675 0.9991
0.0867 0.9991
0.086725 0.9991
0.08675 0.9991
0.086775 0.9991
0.0868 0.9991
0.086825 0.9991
0.08685 0.9991
0.086875 0.9991
0.0869 0.9991
0.086925 0.9991
0.08695 0.9991
0.086975 0.9991
0.087 0.9991
0.087025 0.9991
0.08705 0.9991
0.087075 0.9991
0.0871 0.9991
0.087125 0.9991
0.08715 0.9991
0.087175 0.9991
0.0872 0.9991
0.087225 0.9991
0.08725 0.9991
0.087275 0.9991
0.0873 0.9991
0.087325 0.9991
0.08735 0.9991
0.087375 0.9991
0.0874 0.9991
0.087425 0.9991
0.08745 0.9991
0.087475 0.9991
0.0875 0.9991
0.087525 0.9991
0.08755 0.9991
0.087575 0.9991
0.0876 0.9991
0.087625 0.9991
0.08765 0.9991
0.087675 0.9991
0.0877 0.9991
0.087725 0.9991
0.08775 0.9991
0.087775 0.9991
0.0878 0.9991
0.087825 0.9991
0.08785 0.9991
0.087875 0.9991
0.0879 0.9991
0.087925 0.9991
0.08795 0.9991
0.087975 0.9991
0.088 0.9991
0.088025 0.9991
0.08805 0.9991
0.088075 0.9991
0.0881 0.9991
0.088125 0.9991
0.08815 0.9991
0.088175 0.9991
0.0882 0.9991
0.088225 0.9991
0.08825 0.9991
0.088275 0.9991
0.0883 0.9991
0.088325 0.9991
0.08835 0.9991
0.088375 0.9991
0.0884 0.9991
0.088425 0.9991
0.08845 0.9991
0.088475 0.9991
0.0885 0.9991
0.088525 0.9991
0.08855 0.9991
0.088575 0.9991
0.0886 0.9991
0.088625 0.9991
0.08865 0.9991
0.088675 0.9991
0.0887 0.9991
0.088725 0.9991
0.08875 0.9991
0.088775 0.9991
0.0888 0.9991
0.088825 0.9991
0.08885 0.9991
0.088875 0.9991
0.0889 0.9991
0.088925 0.9991
0.08895 0.9991
0.088975 0.9991
0.089 0.9991
0.089025 0.9991
0.08905 0.9991
0.089075 0.9991
0.0891 0.9991
0.089125 0.9991
0.08915 0.9991
0.089175 0.9991
0.0892 0.9991
0.089225 0.9991
0.08925 0.9991
0.089275 0.9991
0.0893 0.9991
0.089325 0.9991
0.08935 0.9991
0.089375 0.9991
0.0894 0.9991
0.089425 0.9991
0.08945 0.9991
0.089475 0.9991
0.0895 0.9991
0.089525 0.9991
0.08955 0.9991
0.089575 0.9991
0.0896 0.9991
0.089625 0.9991
0.08965 0.9991
0.089675 0.9991
0.0897 0.9991
0.089725 0.9991
0.08975 0.9991
0.089775 0.9991
0.0898 0.9991
0.089825 0.9991
0.08985 0.9991
0.089875 0.9991
0.0899 0.9991
0.089925 0.9991
0.08995 0.9991
0.089975 0.9991
0.09 0.9991
0.090025 0.9991
0.09005 0.9991
0.090075 0.9991
0.0901 0.9991
0.090125 0.9991
0.09015 0.9991
0.090175 0.9991
0.0902 0.9991
0.090225 0.9991
0.09025 0.9991
0.090275 0.9991
0.0903 0.9991
0.090325 0.9991
0.09035 0.9991
0.090375 0.9991
0.0904 0.9991
0.090425 0.9991
0.09045 0.9991
0.090475 0.9991
0.0905 0.9991
0.090525 0.9991
0.09055 0.9991
0.090575 0.9991
0.0906 0.9991
0.090625 0.9991
0.09065 0.9991
0.090675 0.9991
0.0907 0.9991
0.090725 0.9991
0.09075 0.9991
0.090775 0.9991
0.0908 0.9991
0.090825 0.9991
0.09085 0.9991
0.090875 0.9991
0.0909 0.9991
0.090925 0.9991
0.09095 0.9991
0.090975 0.9991
0.091 0.9991
0.091025 0.9991
0.09105 0.9991
0.091075 0.9991
0.0911 0.9991
0.091125 0.9991
0.09115 0.9991
0.091175 0.9991
0.0912 0.9991
0.091225 0.9991
0.09125 0.9991
0.091275 0.9991
0.0913 0.9991
0.091325 0.9991
0.09135 0.9991
0.091375 0.9991
0.0914 0.9991
0.091425 0.9991
0.09145 0.9991
0.091475 0.9991
0.0915 0.9991
0.091525 0.9991
0.09155 0.9991
0.091575 0.9991
0.0916 0.9991
0.091625 0.9991
0.09165 0.9991
0.091675 0.9991
0.0917 0.9991
0.091725 0.9991
0.09175 0.9991
0.091775 0.9991
0.0918 0.9991
0.091825 0.9991
0.09185 0.9991
0.091875 0.9991
0.0919 0.9991
0.091925 0.9991
0.09195 0.9991
0.091975 0.9991
0.092 0.9991
0.092025 0.9991
0.09205 0.9991
0.092075 0.9991
0.0921 0.9991
0.092125 0.9991
0.09215 0.9991
0.092175 0.9991
0.0922 0.9991
0.092225 0.9991
0.09225 0.9991
0.092275 0.9991
0.0923 0.9991
0.092325 0.9991
0.09235 0.9991
0.092375 0.9991
0.0924 0.9991
0.092425 0.9991
0.09245 0.9991
0.092475 0.9991
0.0925 0.9991
0.092525 0.9991
0.09255 0.9991
0.092575 0.9991
0.0926 0.9991
0.092625 0.9991
0.09265 0.9991
0.092675 0.9991
0.0927 0.9991
0.092725 0.9991
0.09275 0.9991
0.092775 0.9991
0.0928 0.9991
0.092825 0.9991
0.09285 0.9991
0.092875 0.9991
0.0929 0.9991
0.092925 0.9991
0.09295 0.9991
0.092975 0.9991
0.093 0.9991
0.093025 0.9991
0.09305 0.9991
0.093075 0.9991
0.0931 0.9991
0.093125 0.9991
0.09315 0.9991
0.093175 0.9991
0.0932 0.9991
0.093225 0.9991
0.09325 0.9991
0.093275 0.9991
0.0933 0.9991
0.093325 0.9991
0.09335 0.9991
0.093375 0.9991
0.0934 0.9991
0.093425 0.9991
0.09345 0.9991
0.093475 0.9991
0.0935 0.9991
0.093525 0.9991
0.09355 0.9991
0.093575 0.9991
0.0936 0.9991
0.093625 0.9991
0.09365 0.9991
0.093675 0.9991
0.0937 0.9991
0.093725 0.9991
0.09375 0.9991
0.093775 0.9991
0.0938 0.9991
0.093825 0.9991
0.09385 0.9991
0.093875 0.9991
0.0939 0.9991
0.093925 0.9991
0.09395 0.9991
0.093975 0.9991
0.094 0.9991
0.094025 0.9991
0.09405 0.9991
0.094075 0.9991
0.0941 0.9991
0.094125 0.9991
0.09415 0.9991
0.094175 0.9991
0.0942 0.9991
0.094225 0.9991
0.09425 0.9991
0.094275 0.9991
0.0943 0.9991
0.094325 0.9991
0.09435 0.9991
0.094375 0.9991
0.0944 0.9991
0.094425 0.9991
0.09445 0.9991
0.094475 0.9991
0.0945 0.9991
0.094525 0.9991
0.09455 0.9991
0.094575 0.9991
0.0946 0.9991
0.094625 0.9991
0.09465 0.9991
0.094675 0.9991
0.0947 0.9991
0.094725 0.9991
0.09475 0.9991
0.094775 0.9991
0.0948 0.9991
0.094825 0.9991
0.09485 0.9991
0.094875 0.9991
0.0949 0.9991
0.094925 0.9991
0.09495 0.9991
0.094975 0.9991
0.095 0.9991
0.095025 0.9991
0.09505 0.9991
0.095075 0.9991
0.0951 0.9991
0.095125 0.9991
0.09515 0.9991
0.095175 0.9991
0.0952 0.9991
0.095225 0.9991
0.09525 0.9991
0.095275 0.9991
0.0953 0.9991
0.095325 0.9991
0.09535 0.9991
0.095375 0.9991
0.0954 0.9991
0.095425 0.9991
0.09545 0.9991
0.095475 0.9991
0.0955 0.9991
0.095525 0.9991
0.09555 0.9991
0.095575 0.9991
0.0956 0.9991
0.095625 0.9991
0.09565 0.9991
0.095675 0.9991
0.0957 0.9991
0.095725 0.9991
0.09575 0.9991
0.095775 0.9991
0.0958 0.9991
0.095825 0.9991
0.09585 0.9991
0.095875 0.9991
0.0959 0.9991
0.095925 0.9991
0.09595 0.9991
0.095975 0.9991
0.096 0.9991
0.096025 0.9991
0.09605 0.9991
0.096075 0.9991
0.0961 0.9991
0.096125 0.9991
0.09615 0.9991
0.096175 0.9991
0.0962 0.9991
0.096225 0.9991
0.09625 0.9991
0.096275 0.9991
0.0963 0.9991
0.096325 0.9991
0.09635 0.9991
0.096375 0.9991
0.0964 0.9991
0.096425 0.9991
0.09645 0.9991
0.096475 0.9991
0.0965 0.9991
0.096525 0.9991
0.09655 0.9991
0.096575 0.9991
0.0966 0.9991
0.096625 0.9991
0.09665 0.9991
0.096675 0.9991
0.0967 0.9991
0.096725 0.9991
0.09675 0.9991
0.096775 0.9991
0.0968 0.9991
0.096825 0.9991
0.09685 0.9991
0.096875 0.9991
0.0969 0.9991
0.096925 0.9991
0.09695 0.9991
0.096975 0.9991
0.097 0.9991
0.097025 0.9991
0.09705 0.9991
0.097075 0.9991
0.0971 0.9991
0.097125 0.9991
0.09715 0.9991
0.097175 0.9991
0.0972 0.9991
0.097225 0.9991
0.09725 0.9991
0.097275 0.9991
0.0973 0.9991
0.097325 0.9991
0.09735 0.9991
0.097375 0.9991
0.0974 0.9991
0.097425 0.9991
0.09745 0.9991
0.097475 0.9991
0.0975 0.9991
0.097525 0.9991
0.09755 0.9991
0.097575 0.9991
0.0976 0.9991
0.097625 0.9991
0.09765 0.9991
0.097675 0.9991
0.0977 0.9991
0.097725 0.9991
0.09775 0.9991
0.097775 0.9991
0.0978 0.9991
0.097825 0.9991
0.09785 0.9991
0.097875 0.9991
0.0979 0.9991
0.097925 0.9991
0.09795 0.9991
0.097975 0.9991
0.098 0.9991
0.098025 0.9991
0.09805 0.9991
0.098075 0.9991
0.0981 0.9991
0.098125 0.9991
0.09815 0.9991
0.098175 0.9991
0.0982 0.9991
0.098225 0.9991
0.09825 0.9991
0.098275 0.9991
0.0983 0.9991
0.098325 0.9991
0.09835 0.9991
0.098375 0.9991
0.0984 0.9991
0.098425 0.9991
0.09845 0.9991
0.098475 0.9991
0.0985 0.9991
0.098525 0.9991
0.09855 0.9991
0.098575 0.9991
0.0986 0.9991
0.098625 0.9991
0.09865 0.9991
0.098675 0.9991
0.0987 0.9991
0.098725 0.9991
0.09875 0.9991
0.098775 0.9991
0.0988 0.9991
0.098825 0.9991
0.09885 0.9991
0.098875 0.9991
0.0989 0.9991
0.098925 0.9991
0.09895 0.9991
0.098975 0.9991
0.099 0.9991
0.099025 0.9991
0.09905 0.9991
0.099075 0.9991
0.0991 0.9991
0.099125 0.9991
0.09915 0.9991
0.099175 0.9991
0.0992 0.9991
0.099225 0.9991
0.09925 0.9991
0.099275 0.9991
0.0993 0.9991
0.099325 0.9991
0.09935 0.9991
0.099375 0.9991
0.0994 0.9991
0.099425 0.9991
0.09945 0.9991
0.099475 0.9991
0.0995 0.9991
0.099525 0.9991
0.09955 0.9991
0.099575 0.9991
0.0996 0.9991
0.099625 0.9991
0.09965 0.9991
0.099675 0.9991
0.0997 0.9991
0.099725 0.9991
0.09975 0.9991
0.099775 0.9991
0.0998 0.9991
0.099825 0.9991
0.09985 0.9991
0.099875 0.9991
0.0999 0.9991
0.099925 0.9991
0.09995 0.9991
0.099975 0.9991
0.1 0.9991
