0 0
2.5e-05 0.0625
5e-05 0.186281
7.5e-05 0.370105
0.0001 0.612716
0.000125 0.912838
0.00015 1.26918
0.000175 1.68044
0.0002 2.14531
0.000225 2.66243
0.00025 3.23049
0.000275 3.84812
0.0003 4.51396
0.000325 5.22665
0.00035 5.98481
0.000375 6.78705
0.0004 7.63199
0.000425 8.51824
0.00045 9.44441
0.000475 10.4091
0.0005 11.4109
0.000525 12.4485
0.00055 13.5204
0.000575 14.6253
0.0006 15.7617
0.000625 16.9283
0.00065 18.1237
0.000675 19.3466
0.0007 20.5955
0.000725 21.8691
0.00075 23.1661
0.000775 24.4852
0.0008 25.8249
0.000825 27.184
0.00085 28.5611
0.000875 29.9551
0.0009 31.3645
0.000925 32.7881
0.00095 34.2247
0.000975 35.673
0.001 37.1318
0.001025 38.5999
0.00105 40.076
0.001075 41.5591
0.0011 43.048
0.001125 44.5414
0.00115 46.0383
0.001175 47.5376
0.0012 49.0383
0.001225 50.5391
0.00125 52.0391
0.001275 53.5373
0.0013 55.0326
0.001325 56.5241
0.00135 58.0108
0.001375 59.4918
0.0014 60.9661
0.001425 62.4328
0.00145 63.8911
0.001475 65.3401
0.0015 66.779
0.001525 68.207
0.00155 69.6232
0.001575 71.027
0.0016 72.4176
0.001625 73.7942
0.00165 75.1562
0.001675 76.5029
0.0017 77.8336
0.001725 79.1478
0.00175 80.4448
0.001775 81.724
0.0018 82.985
0.001825 84.2271
0.00185 85.4499
0.001875 86.6528
0.0019 87.8355
0.001925 88.9974
0.00195 90.1381
0.001975 91.2574
0.002 92.3547
0.002025 93.4297
0.00205 94.4822
0.002075 95.5117
0.0021 96.5181
0.002125 97.501
0.00215 98.4603
0.002175 99.3956
0.0022 100.307
0.002225 101.194
0.00225 102.056
0.002275 102.894
0.0023 103.707
0.002325 104.496
0.00235 105.259
0.002375 105.998
0.0024 106.711
0.002425 107.4
0.00245 108.064
0.002475 108.702
0.0025 109.316
0.002525 109.904
0.00255 110.468
0.002575 111.007
0.0026 111.521
0.002625 112.011
0.00265 112.476
0.002675 112.916
0.0027 113.333
0.002725 113.725
0.00275 114.094
0.002775 114.439
0.0028 114.761
0.002825 115.059
0.00285 115.334
0.002875 115.587
0.0029 115.817
0.002925 116.025
0.00295 116.211
0.002975 116.375
0.003 116.517
0.003025 116.639
0.00305 116.74
0.003075 116.82
0.0031 116.881
0.003125 116.921
0.00315 116.942
0.003175 116.944
0.0032 116.927
0.003225 116.892
0.00325 116.839
0.003275 116.768
0.0033 116.68
0.003325 116.575
0.00335 116.454
0.003375 116.316
0.0034 116.163
0.003425 115.995
0.00345 115.812
0.003475 115.614
0.0035 115.402
0.003525 115.176
0.00355 114.938
0.003575 114.686
0.0036 114.422
0.003625 114.146
0.00365 113.859
0.003675 113.56
0.0037 113.251
0.003725 112.931
0.00375 112.601
0.003775 112.262
0.0038 111.914
0.003825 111.557
0.00385 111.192
0.003875 110.819
0.0039 110.439
0.003925 110.051
0.00395 109.657
0.003975 109.257
0.004 108.851
0.004025 108.439
0.00405 108.023
0.004075 107.602
0.0041 107.176
0.004125 106.746
0.00415 106.313
0.004175 105.877
0.0042 105.438
0.004225 104.997
0.00425 104.553
0.004275 104.108
0.0043 103.661
0.004325 103.213
0.00435 102.764
0.004375 102.315
0.0044 101.866
0.004425 101.417
0.00445 100.969
0.004475 100.521
0.0045 100.075
0.004525 99.63
0.00455 99.1866
0.004575 98.7452
0.0046 98.3061
0.004625 97.8694
0.00465 97.4355
0.004675 97.0046
0.0047 96.577
0.004725 96.1528
0.00475 95.7324
0.004775 95.3158
0.0048 94.9034
0.004825 94.4954
0.00485 94.092
0.004875 93.6932
0.0049 93.2995
0.004925 92.9108
0.00495 92.5275
0.004975 92.1496
0.005 91.7773
0.005025 91.4108
0.00505 91.0502
0.005075 90.6957
0.0051 90.3473
0.005125 90.0053
0.00515 89.6697
0.005175 89.3407
0.0052 89.0183
0.005225 88.7026
0.00525 88.3938
0.005275 88.092
0.0053 87.7971
0.005325 87.5093
0.00535 87.2287
0.005375 86.9553
0.0054 86.6891
0.005425 86.4303
0.00545 86.1788
0.005475 85.9347
0.0055 85.698
0.005525 85.4687
0.00555 85.247
0.005575 85.0326
0.0056 84.8258
0.005625 84.6265
0.00565 84.4347
0.005675 84.2503
0.0057 84.0734
0.005725 83.9039
0.00575 83.7419
0.005775 83.5873
0.0058 83.44
0.005825 83.3001
0.00585 83.1675
0.005875 83.0421
0.0059 82.9239
0.005925 82.8128
0.00595 82.7089
0.005975 82.6119
0.006 82.5219
0.006025 82.4388
0.00605 82.3626
0.006075 82.293
0.0061 82.2302
0.006125 82.1739
0.00615 82.1241
0.006175 82.0807
0.0062 82.0437
0.006225 82.0128
0.00625 81.9881
0.006275 81.9695
0.0063 81.9568
0.006325 81.9499
0.00635 81.9487
0.006375 81.9532
0.0064 81.9631
0.006425 81.9785
0.00645 81.9991
0.006475 82.0249
0.0065 82.0558
0.006525 82.0916
0.00655 82.1323
0.006575 82.1776
0.0066 82.2276
0.006625 82.282
0.00665 82.3407
0.006675 82.4037
0.0067 82.4707
0.006725 82.5418
0.00675 82.6166
0.006775 82.6952
0.0068 82.7775
0.006825 82.8631
0.00685 82.9522
0.006875 83.0444
0.0069 83.1398
0.006925 83.2381
0.00695 83.3393
0.006975 83.4432
0.007 83.5497
0.007025 83.6588
0.00705 83.7701
0.007075 83.8837
0.0071 83.9994
0.007125 84.1171
0.00715 84.2367
0.007175 84.3581
0.0072 84.4811
0.007225 84.6056
0.00725 84.7315
0.007275 84.8588
0.0073 84.9872
0.007325 85.1166
0.00735 85.2471
0.007375 85.3784
0.0074 85.5104
0.007425 85.6431
0.00745 85.7763
0.007475 85.91
0.0075 86.044
0.007525 86.1782
0.00755 86.3125
0.007575 86.4469
0.0076 86.5813
0.007625 86.7155
0.00765 86.8494
0.007675 86.9831
0.0077 87.1163
0.007725 87.249
0.00775 87.3812
0.007775 87.5126
0.0078 87.6434
0.007825 87.7733
0.00785 87.9024
0.007875 88.0304
0.0079 88.1575
0.007925 88.2834
0.00795 88.4082
0.007975 88.5317
0.008 88.6539
0.008025 88.7748
0.00805 88.8943
0.008075 89.0123
0.0081 89.1287
0.008125 89.2436
0.00815 89.3569
0.008175 89.4684
0.0082 89.5783
0.008225 89.6864
0.00825 89.7927
0.008275 89.8971
0.0083 89.9996
0.008325 90.1003
0.00835 90.1989
0.008375 90.2956
0.0084 90.3903
0.008425 90.4829
0.00845 90.5734
0.008475 90.6619
0.0085 90.7482
0.008525 90.8324
0.00855 90.9145
0.008575 90.9943
0.0086 91.072
0.008625 91.1475
0.00865 91.2208
0.008675 91.2918
0.0087 91.3607
0.008725 91.4273
0.00875 91.4916
0.008775 91.5537
0.0088 91.6136
0.008825 91.6712
0.00885 91.7266
0.008875 91.7798
0.0089 91.8307
0.008925 91.8795
0.00895 91.926
0.008975 91.9703
0.009 92.0124
0.009025 92.0523
0.00905 92.09
0.009075 92.1256
0.0091 92.1591
0.009125 92.1904
0.00915 92.2196
0.009175 92.2468
0.0092 92.2718
0.009225 92.2949
0.00925 92.3159
0.009275 92.3349
0.0093 92.3519
0.009325 92.367
0.00935 92.3802
0.009375 92.3915
0.0094 92.4009
0.009425 92.4085
0.00945 92.4143
0.009475 92.4182
0.0095 92.4205
0.009525 92.421
0.00955 92.4199
0.009575 92.417
0.0096 92.4126
0.009625 92.4066
0.00965 92.399
0.009675 92.3899
0.0097 92.3794
0.009725 92.3674
0.00975 92.3539
0.009775 92.3391
0.0098 92.323
0.009825 92.3055
0.00985 92.2868
0.009875 92.2669
0.0099 92.2457
0.009925 92.2235
0.00995 92.2
0.009975 92.1756
0.01 92.15
0.010025 92.1235
0.01005 92.096
0.010075 92.0675
0.0101 92.0382
0.010125 92.008
0.01015 91.977
0.010175 91.9452
0.0102 91.9127
0.010225 91.8794
0.01025 91.8455
0.010275 91.8109
0.0103 91.7757
0.010325 91.74
0.01035 91.7038
0.010375 91.667
0.0104 91.6298
0.010425 91.5921
0.01045 91.5541
0.010475 91.5157
0.0105 91.477
0.010525 91.438
0.01055 91.3987
0.010575 91.3592
0.0106 91.3196
0.010625 91.2797
0.01065 91.2397
0.010675 91.1996
0.0107 91.1595
0.010725 91.1193
0.01075 91.0791
0.010775 91.0389
0.0108 90.9987
0.010825 90.9586
0.01085 90.9186
0.010875 90.8787
0.0109 90.839
0.010925 90.7994
0.01095 90.7601
0.010975 90.7209
0.011 90.682
0.011025 90.6434
0.01105 90.605
0.011075 90.567
0.0111 90.5292
0.011125 90.4919
0.01115 90.4549
0.011175 90.4182
0.0112 90.382
0.011225 90.3462
0.01125 90.3109
0.011275 90.276
0.0113 90.2416
0.011325 90.2076
0.01135 90.1742
0.011375 90.1413
0.0114 90.1089
0.011425 90.077
0.01145 90.0457
0.011475 90.0149
0.0115 89.9848
0.011525 89.9552
0.01155 89.9262
0.011575 89.8978
0.0116 89.87
0.011625 89.8429
0.01165 89.8163
0.011675 89.7904
0.0117 89.7652
0.011725 89.7406
0.01175 89.7166
0.011775 89.6933
0.0118 89.6706
0.011825 89.6486
0.01185 89.6273
0.011875 89.6066
0.0119 89.5866
0.011925 89.5673
0.01195 89.5486
0.011975 89.5307
0.012 89.5133
0.012025 89.4967
0.01205 89.4807
0.012075 89.4654
0.0121 89.4508
0.012125 89.4368
0.01215 89.4235
0.012175 89.4108
0.0122 89.3988
0.012225 89.3874
0.01225 89.3767
0.012275 89.3666
0.0123 89.3572
0.012325 89.3484
0.01235 89.3402
0.012375 89.3326
0.0124 89.3257
0.012425 89.3193
0.01245 89.3136
0.012475 89.3084
0.0125 89.3038
0.012525 89.2998
0.01255 89.2964
0.012575 89.2935
0.0126 89.2912
0.012625 89.2894
0.01265 89.2882
0.012675 89.2874
0.0127 89.2872
0.012725 89.2875
0.01275 89.2883
0.012775 89.2896
0.0128 89.2913
0.012825 89.2936
0.01285 89.2962
0.012875 89.2993
0.0129 89.3029
0.012925 89.3069
0.01295 89.3113
0.012975 89.316
0.013 89.3212
0.013025 89.3268
0.01305 89.3327
0.013075 89.339
0.0131 89.3456
0.013125 89.3526
0.01315 89.3599
0.013175 89.3675
0.0132 89.3754
0.013225 89.3836
0.01325 89.3921
0.013275 89.4009
0.0133 89.4099
0.013325 89.4191
0.01335 89.4286
0.013375 89.4383
0.0134 89.4483
0.013425 89.4584
0.01345 89.4687
0.013475 89.4792
0.0135 89.4899
0.013525 89.5007
0.01355 89.5117
0.013575 89.5228
0.0136 89.5341
0.013625 89.5455
0.01365 89.5569
0.013675 89.5685
0.0137 89.5802
0.013725 89.5919
0.01375 89.6037
0.013775 89.6156
0.0138 89.6275
0.013825 89.6395
0.01385 89.6515
0.013875 89.6635
0.0139 89.6755
0.013925 89.6876
0.01395 89.6996
0.013975 89.7116
0.014 89.7236
0.014025 89.7356
0.01405 89.7475
0.014075 89.7594
0.0141 89.7713
0.014125 89.783
0.01415 89.7948
0.014175 89.8064
0.0142 89.818
0.014225 89.8295
0.01425 89.8409
0.014275 89.8522
0.0143 89.8634
0.014325 89.8744
0.01435 89.8854
0.014375 89.8963
0.0144 89.907
0.014425 89.9176
0.01445 89.928
0.014475 89.9384
0.0145 89.9485
0.014525 89.9585
0.01455 89.9684
0.014575 89.9781
0.0146 89.9877
0.014625 89.9971
0.01465 90.0063
0.014675 90.0153
0.0147 90.0242
0.014725 90.0329
0.01475 90.0414
0.014775 90.0497
0.0148 90.0579
0.014825 90.0658
0.01485 90.0736
0.014875 90.0812
0.0149 90.0886
0.014925 90.0958
0.01495 90.1028
0.014975 90.1096
0.015 90.1162
0.015025 90.1226
0.01505 90.1288
0.015075 90.1348
0.0151 90.1406
0.015125 90.1462
0.01515 90.1516
0.015175 90.1568
0.0152 90.1618
0.015225 90.1666
0.01525 90.1712
0.015275 90.1756
0.0153 90.1798
0.015325 90.1838
0.01535 90.1876
0.015375 90.1912
0.0154 90.1947
0.015425 90.1979
0.01545 90.2009
0.015475 90.2038
0.0155 90.2064
0.015525 90.2089
0.01555 90.2112
0.015575 90.2133
0.0156 90.2152
0.015625 90.2169
0.01565 90.2185
0.015675 90.2199
0.0157 90.2211
0.015725 90.2221
0.01575 90.223
0.015775 90.2237
0.0158 90.2243
0.015825 90.2247
0.01585 90.2249
0.015875 90.225
0.0159 90.2249
0.015925 90.2247
0.01595 90.2243
0.015975 90.2238
0.016 90.2232
0.016025 90.2224
0.01605 90.2215
0.016075 90.2204
0.0161 90.2192
0.016125 90.2179
0.01615 90.2165
0.016175 90.215
0.0162 90.2133
0.016225 90.2116
0.01625 90.2097
0.016275 90.2077
0.0163 90.2056
0.016325 90.2035
0.01635 90.2012
0.016375 90.1988
0.0164 90.1964
0.016425 90.1939
0.01645 90.1913
0.016475 90.1886
0.0165 90.1858
0.016525 90.183
0.01655 90.1801
0.016575 90.1771
0.0166 90.1741
0.016625 90.171
0.01665 90.1679
0.016675 90.1647
0.0167 90.1614
0.016725 90.1581
0.01675 90.1548
0.016775 90.1515
0.0168 90.1481
0.016825 90.1446
0.01685 90.1412
0.016875 90.1377
0.0169 90.1342
0.016925 90.1306
0.01695 90.1271
0.016975 90.1235
0.017 90.1199
0.017025 90.1164
0.01705 90.1128
0.017075 90.1092
0.0171 90.1056
0.017125 90.102
0.01715 90.0984
0.017175 90.0948
0.0172 90.0912
0.017225 90.0876
0.01725 90.0841
0.017275 90.0805
0.0173 90.077
0.017325 90.0735
0.01735 90.07
0.017375 90.0665
0.0174 90.0631
0.017425 90.0597
0.01745 90.0563
0.017475 90.0529
0.0175 90.0496
0.017525 90.0463
0.01755 90.0431
0.017575 90.0399
0.0176 90.0367
0.017625 90.0335
0.01765 90.0305
0.017675 90.0274
0.0177 90.0244
0.017725 90.0214
0.01775 90.0185
0.017775 90.0157
0.0178 90.0129
0.017825 90.0101
0.01785 90.0074
0.017875 90.0047
0.0179 90.0021
0.017925 89.9996
0.01795 89.9971
0.017975 89.9946
0.018 89.9922
0.018025 89.9899
0.01805 89.9876
0.018075 89.9854
0.0181 89.9833
0.018125 89.9812
0.01815 89.9791
0.018175 89.9771
0.0182 89.9752
0.018225 89.9733
0.01825 89.9715
0.018275 89.9698
0.0183 89.9681
0.018325 89.9665
0.01835 89.9649
0.018375 89.9634
0.0184 89.962
0.018425 89.9606
0.01845 89.9593
0.018475 89.958
0.0185 89.9568
0.018525 89.9557
0.01855 89.9546
0.018575 89.9535
0.0186 89.9526
0.018625 89.9517
0.01865 89.9508
0.018675 89.95
0.0187 89.9493
0.018725 89.9486
0.01875 89.9479
0.018775 89.9474
0.0188 89.9468
0.018825 89.9464
0.01885 89.9459
0.018875 89.9456
0.0189 89.9452
0.018925 89.945
0.01895 89.9448
0.018975 89.9446
0.019 89.9445
0.019025 89.9444
0.01905 89.9444
0.019075 89.9444
0.0191 89.9444
0.019125 89.9446
0.01915 89.9447
0.019175 89.9449
0.0192 89.9451
0.019225 89.9454
0.01925 89.9457
0.019275 89.9461
0.0193 89.9464
0.019325 89.9469
0.01935 89.9473
0.019375 89.9478
0.0194 89.9483
0.019425 89.9489
0.01945 89.9495
0.019475 89.9501
0.0195 89.9507
0.019525 89.9514
0.01955 89.9521
0.019575 89.9528
0.0196 89.9536
0.019625 89.9544
0.01965 89.9552
0.019675 89.956
0.0197 89.9569
0.019725 89.9577
0.01975 89.9586
0.019775 89.9595
0.0198 89.9604
0.019825 89.9614
0.01985 89.9623
0.019875 89.9633
0.0199 89.9643
0.019925 89.9653
0.01995 89.9663
0.019975 89.9673
0.02 89.9683
0.020025 89.9693
0.02005 89.9704
0.020075 89.9714
0.0201 89.9725
0.020125 89.9736
0.02015 89.9746
0.020175 89.9757
0.0202 89.9768
0.020225 89.9778
0.02025 89.9789
0.020275 89.98
0.0203 89.9811
0.020325 89.9821
0.02035 89.9832
0.020375 89.9843
0.0204 89.9854
0.020425 89.9864
0.02045 89.9875
0.020475 89.9885
0.0205 89.9896
0.020525 89.9906
0.02055 89.9917
0.020575 89.9927
0.0206 89.9937
0.020625 89.9947
0.02065 89.9958
0.020675 89.9967
0.0207 89.9977
0.020725 89.9987
0.02075 89.9997
0.020775 90.0006
0.0208 90.0016
0.020825 90.0025
0.02085 90.0034
0.020875 90.0043
0.0209 90.0052
0.020925 90.0061
0.02095 90.0069
0.020975 90.0078
0.021 90.0086
0.021025 90.0094
0.02105 90.0102
0.021075 90.011
0.0211 90.0117
0.021125 90.0125
0.02115 90.0132
0.021175 90.0139
0.0212 90.0146
0.021225 90.0153
0.02125 90.016
0.021275 90.0166
0.0213 90.0173
0.021325 90.0179
0.02135 90.0185
0.021375 90.0191
0.0214 90.0196
0.021425 90.0202
0.02145 90.0207
0.021475 90.0212
0.0215 90.0217
0.021525 90.0221
0.02155 90.0226
0.021575 90.023
0.0216 90.0234
0.021625 90.0238
0.02165 90.0242
0.021675 90.0246
0.0217 90.0249
0.021725 90.0253
0.02175 90.0256
0.021775 90.0259
0.0218 90.0261
0.021825 90.0264
0.02185 90.0266
0.021875 90.0269
0.0219 90.0271
0.021925 90.0273
0.02195 90.0274
0.021975 90.0276
0.022 90.0277
0.022025 90.0279
0.02205 90.028
0.022075 90.0281
0.0221 90.0282
0.022125 90.0282
0.02215 90.0283
0.022175 90.0283
0.0222 90.0283
0.022225 90.0283
0.02225 90.0283
0.022275 90.0283
0.0223 90.0283
0.022325 90.0282
0.02235 90.0282
0.022375 90.0281
0.0224 90.028
0.022425 90.028
0.02245 90.0278
0.022475 90.0277
0.0225 90.0276
0.022525 90.0275
0.02255 90.0273
0.022575 90.0272
0.0226 90.027
0.022625 90.0268
0.02265 90.0266
0.022675 90.0265
0.0227 90.0263
0.022725 90.026
0.02275 90.0258
0.022775 90.0256
0.0228 90.0254
0.022825 90.0251
0.02285 90.0249
0.022875 90.0246
0.0229 90.0244
0.022925 90.0241
0.02295 90.0238
0.022975 90.0236
0.023 90.0233
0.023025 90.023
0.02305 90.0227
0.023075 90.0224
0.0231 90.0221
0.023125 90.0218
0.02315 90.0215
0.023175 90.0212
0.0232 90.0209
0.023225 90.0206
0.02325 90.0203
0.023275 90.02
0.0233 90.0196
0.023325 90.0193
0.02335 90.019
0.023375 90.0187
0.0234 90.0184
0.023425 90.018
0.02345 90.0177
0.023475 90.0174
0.0235 90.0171
0.023525 90.0167
0.02355 90.0164
0.023575 90.0161
0.0236 90.0158
0.023625 90.0155
0.02365 90.0152
0.023675 90.0148
0.0237 90.0145
0.023725 90.0142
0.02375 90.0139
0.023775 90.0136
0.0238 90.0133
0.023825 90.013
0.02385 90.0127
0.023875 90.0124
0.0239 90.0121
0.023925 90.0118
0.02395 90.0115
0.023975 90.0113
0.024 90.011
0.024025 90.0107
0.02405 90.0104
0.024075 90.0102
0.0241 90.0099
0.024125 90.0097
0.02415 90.0094
0.024175 90.0091
0.0242 90.0089
0.024225 90.0087
0.02425 90.0084
0.024275 90.0082
0.0243 90.008
0.024325 90.0078
0.02435 90.0075
0.024375 90.0073
0.0244 90.0071
0.024425 90.0069
0.02445 90.0067
0.024475 90.0065
0.0245 90.0064
0.024525 90.0062
0.02455 90.006
0.024575 90.0058
0.0246 90.0057
0.024625 90.0055
0.02465 90.0054
0.024675 90.0052
0.0247 90.0051
0.024725 90.0049
0.02475 90.0048
0.024775 90.0047
0.0248 90.0046
0.024825 90.0045
0.02485 90.0043
0.024875 90.0042
0.0249 90.0041
0.024925 90.0041
0.02495 90.004
0.024975 90.0039
0.025 90.0038
0.025025 90.0037
0.02505 90.0037
0.025075 90.0036
0.0251 90.0035
0.025125 90.0035
0.02515 90.0034
0.025175 90.0034
0.0252 90.0034
0.025225 90.0033
0.02525 90.0033
0.025275 90.0033
0.0253 90.0033
0.025325 90.0032
0.02535 90.0032
0.025375 90.0032
0.0254 90.0032
0.025425 90.0032
0.02545 90.0032
0.025475 90.0032
0.0255 90.0032
0.025525 90.0033
0.02555 90.0033
0.025575 90.0033
0.0256 90.0033
0.025625 90.0034
0.02565 90.0034
0.025675 90.0034
0.0257 90.0035
0.025725 90.0035
0.02575 90.0036
0.025775 90.0036
0.0258 90.0037
0.025825 90.0037
0.02585 90.0038
0.025875 90.0038
0.0259 90.0039
0.025925 90.004
0.02595 90.004
0.025975 90.0041
0.026 90.0042
0.026025 90.0042
0.02605 90.0043
0.026075 90.0044
0.0261 90.0045
0.026125 90.0046
0.02615 90.0046
0.026175 90.0047
0.0262 90.0048
0.026225 90.0049
0.02625 90.005
0.026275 90.0051
0.0263 90.0052
0.026325 90.0052
0.02635 90.0053
0.026375 90.0054
0.0264 90.0055
0.026425 90.0056
0.02645 90.0057
0.026475 90.0058
0.0265 90.0059
0.026525 90.006
0.02655 90.0061
0.026575 90.0062
0.0266 90.0063
0.026625 90.0064
0.02665 90.0065
0.026675 90.0066
0.0267 90.0067
0.026725 90.0068
0.02675 90.0069
0.026775 90.007
0.0268 90.0071
0.026825 90.0072
0.02685 90.0072
0.026875 90.0073
0.0269 90.0074
0.026925 90.0075
0.02695 90.0076
0.026975 90.0077
0.027 90.0078
0.027025 90.0079
0.02705 90.008
0.027075 90.0081
0.0271 90.0081
0.027125 90.0082
0.02715 90.0083
0.027175 90.0084
0.0272 90.0085
0.027225 90.0086
0.02725 90.0086
0.027275 90.0087
0.0273 90.0088
0.027325 90.0089
0.02735 90.0089
0.027375 90.009
0.0274 90.0091
0.027425 90.0092
0.02745 90.0092
0.027475 90.0093
0.0275 90.0094
0.027525 90.0094
0.02755 90.0095
0.027575 90.0096
0.0276 90.0096
0.027625 90.0097
0.02765 90.0097
0.027675 90.0098
0.0277 90.0098
0.027725 90.0099
0.02775 90.0099
0.027775 90.01
0.0278 90.01
0.027825 90.0101
0.02785 90.0101
0.027875 90.0102
0.0279 90.0102
0.027925 90.0102
0.02795 90.0103
0.027975 90.0103
0.028 90.0104
0.028025 90.0104
0.02805 90.0104
0.028075 90.0105
0.0281 90.0105
0.028125 90.0105
0.02815 90.0105
0.028175 90.0106
0.0282 90.0106
0.028225 90.0106
0.02825 90.0106
0.028275 90.0106
0.0283 90.0106
0.028325 90.0107
0.02835 90.0107
0.028375 90.0107
0.0284 90.0107
0.028425 90.0107
0.02845 90.0107
0.028475 90.0107
0.0285 90.0107
0.028525 90.0107
0.02855 90.0107
0.028575 90.0107
0.0286 90.0107
0.028625 90.0107
0.02865 90.0107
0.028675 90.0107
0.0287 90.0107
0.028725 90.0107
0.02875 90.0107
0.028775 90.0107
0.0288 90.0107
0.028825 90.0107
0.02885 90.0107
0.028875 90.0107
0.0289 90.0106
0.028925 90.0106
0.02895 90.0106
0.028975 90.0106
0.029 90.0106
0.029025 90.0106
0.02905 90.0105
0.029075 90.0105
0.0291 90.0105
0.029125 90.0105
0.02915 90.0105
0.029175 90.0104
0.0292 90.0104
0.029225 90.0104
0.02925 90.0104
0.029275 90.0104
0.0293 90.0103
0.029325 90.0103
0.02935 90.0103
0.029375 90.0103
0.0294 90.0102
0.029425 90.0102
0.02945 90.0102
0.029475 90.0102
0.0295 90.0101
0.029525 90.0101
0.02955 90.0101
0.029575 90.01
0.0296 90.01
0.029625 90.01
0.02965 90.01
0.029675 90.0099
0.0297 90.0099
0.029725 90.0099
0.02975 90.0098
0.029775 90.0098
0.0298 90.0098
0.029825 90.0098
0.02985 90.0097
0.029875 90.0097
0.0299 90.0097
0.029925 90.0096
0.02995 90.0096
0.029975 90.0096
0.03 90.0096
0.030025 90.0095
0.03005 90.0095
0.030075 90.0095
0.0301 90.0094
0.030125 90.0094
0.03015 90.0094
0.030175 90.0094
0.0302 90.0093
0.030225 90.0093
0.03025 90.0093
0.030275 90.0093
0.0303 90.0092
0.030325 90.0092
0.03035 90.0092
0.030375 90.0092
0.0304 90.0091
0.030425 90.0091
0.03045 90.0091
0.030475 90.0091
0.0305 90.009
0.030525 90.009
0.03055 90.009
0.030575 90.009
0.0306 90.009
0.030625 90.0089
0.03065 90.0089
0.030675 90.0089
0.0307 90.0089
0.030725 90.0089
0.03075 90.0088
0.030775 90.0088
0.0308 90.0088
0.030825 90.0088
0.03085 90.0088
0.030875 90.0088
0.0309 90.0087
0.030925 90.0087
0.03095 90.0087
0.030975 90.0087
0.031 90.0087
0.031025 90.0087
0.03105 90.0087
0.031075 90.0086
0.0311 90.0086
0.031125 90.0086
0.03115 90.0086
0.031175 90.0086
0.0312 90.0086
0.031225 90.0086
0.03125 90.0086
0.031275 90.0086
0.0313 90.0086
0.031325 90.0085
0.03135 90.0085
0.031375 90.0085
0.0314 90.0085
0.031425 90.0085
0.03145 90.0085
0.031475 90.0085
0.0315 90.0085
0.031525 90.0085
0.03155 90.0085
0.031575 90.0085
0.0316 90.0085
0.031625 90.0085
0.03165 90.0085
0.031675 90.0085
0.0317 90.0085
0.031725 90.0085
0.03175 90.0085
0.031775 90.0085
0.0318 90.0085
0.031825 90.0085
0.03185 90.0085
0.031875 90.0085
0.0319 90.0085
0.031925 90.0085
0.03195 90.0085
0.031975 90.0085
0.032 90.0085
0.032025 90.0085
0.03205 90.0085
0.032075 90.0085
0.0321 90.0085
0.032125 90.0085
0.03215 90.0085
0.032175 90.0085
0.0322 90.0085
0.032225 90.0085
0.03225 90.0085
0.032275 90.0085
0.0323 90.0086
0.032325 90.0086
0.03235 90.0086
0.032375 90.0086
0.0324 90.0086
0.032425 90.0086
0.03245 90.0086
0.032475 90.0086
0.0325 90.0086
0.032525 90.0086
0.03255 90.0086
0.032575 90.0086
0.0326 90.0086
0.032625 90.0086
0.03265 90.0087
0.032675 90.0087
0.0327 90.0087
0.032725 90.0087
0.03275 90.0087
0.032775 90.0087
0.0328 90.0087
0.032825 90.0087
0.03285 90.0087
0.032875 90.0087
0.0329 90.0087
0.032925 90.0087
0.03295 90.0088
0.032975 90.0088
0.033 90.0088
0.033025 90.0088
0.03305 90.0088
0.033075 90.0088
0.0331 90.0088
0.033125 90.0088
0.03315 90.0088
0.033175 90.0088
0.0332 90.0088
0.033225 90.0089
0.03325 90.0089
0.033275 90.0089
0.0333 90.0089
0.033325 90.0089
0.03335 90.0089
0.033375 90.0089
0.0334 90.0089
0.033425 90.0089
0.03345 90.0089
0.033475 90.0089
0.0335 90.0089
0.033525 90.0089
0.03355 90.009
0.033575 90.009
0.0336 90.009
0.033625 90.009
0.03365 90.009
0.033675 90.009
0.0337 90.009
0.033725 90.009
0.03375 90.009
0.033775 90.009
0.0338 90.009
0.033825 90.009
0.03385 90.009
0.033875 90.009
0.0339 90.009
0.033925 90.009
0.03395 90.0091
0.033975 90.0091
0.034 90.0091
0.034025 90.0091
0.03405 90.0091
0.034075 90.0091
0.0341 90.0091
0.034125 90.0091
0.03415 90.0091
0.034175 90.0091
0.0342 90.0091
0.034225 90.0091
0.03425 90.0091
0.034275 90.0091
0.0343 90.0091
0.034325 90.0091
0.03435 90.0091
0.034375 90.0091
0.0344 90.0091
0.034425 90.0091
0.03445 90.0091
0.034475 90.0091
0.0345 90.0091
0.034525 90.0091
0.03455 90.0091
0.034575 90.0091
0.0346 90.0091
0.034625 90.0091
0.03465 90.0091
0.034675 90.0091
0.0347 90.0092
0.034725 90.0092
0.03475 90.0092
0.034775 90.0092
0.0348 90.0092
0.034825 90.0092
0.03485 90.0092
0.034875 90.0092
0.0349 90.0092
0.034925 90.0092
0.03495 90.0092
0.034975 90.0092
0.035 90.0092
0.035025 90.0092
0.03505 90.0092
0.035075 90.0092
0.0351 90.0092
0.035125 90.0092
0.03515 90.0092
0.035175 90.0092
0.0352 90.0092
0.035225 90.0091
0.03525 90.0091
0.035275 90.0091
0.0353 90.0091
0.035325 90.0091
0.03535 90.0091
0.035375 90.0091
0.0354 90.0091
0.035425 90.0091
0.03545 90.0091
0.035475 90.0091
0.0355 90.0091
0.035525 90.0091
0.03555 90.0091
0.035575 90.0091
0.0356 90.0091
0.035625 90.0091
0.03565 90.0091
0.035675 90.0091
0.0357 90.0091
0.035725 90.0091
0.03575 90.0091
0.035775 90.0091
0.0358 90.0091
0.035825 90.0091
0.03585 90.0091
0.035875 90.0091
0.0359 90.0091
0.035925 90.0091
0.03595 90.0091
0.035975 90.0091
0.036 90.0091
0.036025 90.0091
0.03605 90.0091
0.036075 90.0091
0.0361 90.0091
0.036125 90.0091
0.03615 90.0091
0.036175 90.0091
0.0362 90.0091
0.036225 90.0091
0.03625 90.0091
0.036275 90.0091
0.0363 90.0091
0.036325 90.0091
0.03635 90.0091
0.036375 90.009
0.0364 90.009
0.036425 90.009
0.03645 90.009
0.036475 90.009
0.0365 90.009
0.036525 90.009
0.03655 90.009
0.036575 90.009
0.0366 90.009
0.036625 90.009
0.03665 90.009
0.036675 90.009
0.0367 90.009
0.036725 90.009
0.03675 90.009
0.036775 90.009
0.0368 90.009
0.036825 90.009
0.03685 90.009
0.036875 90.009
0.0369 90.009
0.036925 90.009
0.03695 90.009
0.036975 90.009
0.037 90.009
0.037025 90.009
0.03705 90.009
0.037075 90.009
0.0371 90.009
0.037125 90.009
0.03715 90.009
0.037175 90.009
0.0372 90.009
0.037225 90.009
0.03725 90.009
0.037275 90.009
0.0373 90.009
0.037325 90.009
0.03735 90.009
0.037375 90.009
0.0374 90.009
0.037425 90.009
0.03745 90.009
0.037475 90.009
0.0375 90.009
0.037525 90.009
0.03755 90.009
0.037575 90.009
0.0376 90.009
0.037625 90.009
0.03765 90.009
0.037675 90.009
0.0377 90.009
0.037725 90.009
0.03775 90.009
0.037775 90.009
0.0378 90.009
0.037825 90.009
0.03785 90.009
0.037875 90.009
0.0379 90.009
0.037925 90.009
0.03795 90.009
0.037975 90.009
0.038 90.009
0.038025 90.009
0.03805 90.009
0.038075 90.009
0.0381 90.009
0.038125 90.009
0.03815 90.009
0.038175 90.009
0.0382 90.009
0.038225 90.009
0.03825 90.009
0.038275 90.009
0.0383 90.009
0.038325 90.009
0.03835 90.009
0.038375 90.009
0.0384 90.009
0.038425 90.009
0.03845 90.009
0.038475 90.009
0.0385 90.009
0.038525 90.009
0.03855 90.009
0.038575 90.009
0.0386 90.009
0.038625 90.009
0.03865 90.009
0.038675 90.009
0.0387 90.009
0.038725 90.009
0.03875 90.009
0.038775 90.009
0.0388 90.009
0.038825 90.009
0.03885 90.009
0.038875 90.009
0.0389 90.009
0.038925 90.009
0.03895 90.009
0.038975 90.009
0.039 90.009
0.039025 90.009
0.03905 90.009
0.039075 90.009
0.0391 90.009
0.039125 90.009
0.03915 90.009
0.039175 90.009
0.0392 90.009
0.039225 90.009
0.03925 90.009
0.039275 90.009
0.0393 90.009
0.039325 90.009
0.03935 90.009
0.039375 90.009
0.0394 90.009
0.039425 90.009
0.03945 90.009
0.039475 90.009
0.0395 90.009
0.039525 90.009
0.03955 90.009
0.039575 90.009
0.0396 90.009
0.039625 90.009
0.03965 90.009
0.039675 90.009
0.0397 90.009
0.039725 90.009
0.03975 90.009
0.039775 90.009
0.0398 90.009
0.039825 90.009
0.03985 90.009
0.039875 90.009
0.0399 90.009
0.039925 90.009
0.03995 90.009
0.039975 90.009
0.04 90.009
0.040025 90.009
0.04005 90.009
0.040075 90.009
0.0401 90.009
0.040125 90.009
0.04015 90.009
0.040175 90.009
0.0402 90.009
0.040225 90.009
0.04025 90.009
0.040275 90.009
0.0403 90.009
0.040325 90.009
0.04035 90.009
0.040375 90.009
0.0404 90.009
0.040425 90.009
0.04045 90.009
0.040475 90.009
0.0405 90.009
0.040525 90.009
0.04055 90.009
0.040575 90.009
0.0406 90.009
0.040625 90.009
0.04065 90.009
0.040675 90.009
0.0407 90.009
0.040725 90.009
0.04075 90.009
0.040775 90.009
0.0408 90.009
0.040825 90.009
0.04085 90.009
0.040875 90.009
0.0409 90.009
0.040925 90.009
0.04095 90.009
0.040975 90.009
0.041 90.009
0.041025 90.009
0.04105 90.009
0.041075 90.009
0.0411 90.009
0.041125 90.009
0.04115 90.009
0.041175 90.009
0.0412 90.009
0.041225 90.009
0.04125 90.009
0.041275 90.009
0.0413 90.009
0.041325 90.009
0.04135 90.009
0.041375 90.009
0.0414 90.009
0.041425 90.009
0.04145 90.009
0.041475 90.009
0.0415 90.009
0.041525 90.009
0.04155 90.009
0.041575 90.009
0.0416 90.009
0.041625 90.009
0.04165 90.009
0.041675 90.009
0.0417 90.009
0.041725 90.009
0.04175 90.009
0.041775 90.009
0.0418 90.009
0.041825 90.009
0.04185 90.009
0.041875 90.009
0.0419 90.009
0.041925 90.009
0.04195 90.009
0.041975 90.009
0.042 90.009
0.042025 90.009
0.04205 90.009
0.042075 90.009
0.0421 90.009
0.042125 90.009
0.04215 90.009
0.042175 90.009
0.0422 90.009
0.042225 90.009
0.04225 90.009
0.042275 90.009
0.0423 90.009
0.042325 90.009
0.04235 90.009
0.042375 90.009
0.0424 90.009
0.042425 90.009
0.04245 90.009
0.042475 90.009
0.0425 90.009
0.042525 90.009
0.04255 90.009
0.042575 90.009
0.0426 90.009
0.042625 90.009
0.04265 90.009
0.042675 90.009
0.0427 90.009
0.042725 90.009
0.04275 90.009
0.042775 90.009
0.0428 90.009
0.042825 90.009
0.04285 90.009
0.042875 90.009
0.0429 90.009
0.042925 90.009
0.04295 90.009
0.042975 90.009
0.043 90.009
0.043025 90.009
0.04305 90.009
0.043075 90.009
0.0431 90.009
0.043125 90.009
0.04315 90.009
0.043175 90.009
0.0432 90.009
0.043225 90.009
0.04325 90.009
0.043275 90.009
0.0433 90.009
0.043325 90.009
0.04335 90.009
0.043375 90.009
0.0434 90.009
0.043425 90.009
0.04345 90.009
0.043475 90.009
0.0435 90.009
0.043525 90.009
0.04355 90.009
0.043575 90.009
0.0436 90.009
0.043625 90.009
0.04365 90.009
0.043675 90.009
0.0437 90.009
0.043725 90.009
0.04375 90.009
0.043775 90.009
0.0438 90.009
0.043825 90.009
0.04385 90.009
0.043875 90.009
0.0439 90.009
0.043925 90.009
0.04395 90.009
0.043975 90.009
0.044 90.009
0.044025 90.009
0.04405 90.009
0.044075 90.009
0.0441 90.009
0.044125 90.009
0.04415 90.009
0.044175 90.009
0.0442 90.009
0.044225 90.009
0.04425 90.009
0.044275 90.009
0.0443 90.009
0.044325 90.009
0.04435 90.009
0.044375 90.009
0.0444 90.009
0.044425 90.009
0.04445 90.009
0.044475 90.009
0.0445 90.009
0.044525 90.009
0.04455 90.009
0.044575 90.009
0.0446 90.009
0.044625 90.009
0.04465 90.009
0.044675 90.009
0.0447 90.009
0.044725 90.009
0.04475 90.009
0.044775 90.009
0.0448 90.009
0.044825 90.009
0.04485 90.009
0.044875 90.009
0.0449 90.009
0.044925 90.009
0.04495 90.009
0.044975 90.009
0.045 90.009
0.045025 90.009
0.04505 90.009
0.045075 90.009
0.0451 90.009
0.045125 90.009
0.04515 90.009
0.045175 90.009
0.0452 90.009
0.045225 90.009
0.04525 90.009
0.045275 90.009
0.0453 90.009
0.045325 90.009
0.04535 90.009
0.045375 90.009
0.0454 90.009
0.045425 90.009
0.04545 90.009
0.045475 90.009
0.0455 90.009
0.045525 90.009
0.04555 90.009
0.045575 90.009
0.0456 90.009
0.045625 90.009
0.04565 90.009
0.045675 90.009
0.0457 90.009
0.045725 90.009
0.04575 90.009
0.045775 90.009
0.0458 90.009
0.045825 90.009
0.04585 90.009
0.045875 90.009
0.0459 90.009
0.045925 90.009
0.04595 90.009
0.045975 90.009
0.046 90.009
0.046025 90.009
0.04605 90.009
0.046075 90.009
0.0461 90.009
0.046125 90.009
0.04615 90.009
0.046175 90.009
0.0462 90.009
0.046225 90.009
0.04625 90.009
0.046275 90.009
0.0463 90.009
0.046325 90.009
0.04635 90.009
0.046375 90.009
0.0464 90.009
0.046425 90.009
0.04645 90.009
0.046475 90.009
0.0465 90.009
0.046525 90.009
0.04655 90.009
0.046575 90.009
0.0466 90.009
0.046625 90.009
0.04665 90.009
0.046675 90.009
0.0467 90.009
0.046725 90.009
0.04675 90.009
0.046775 90.009
0.0468 90.009
0.046825 90.009
0.04685 90.009
0.046875 90.009
0.0469 90.009
0.046925 90.009
0.04695 90.009
0.046975 90.009
0.047 90.009
0.047025 90.009
0.04705 90.009
0.047075 90.009
0.0471 90.009
0.047125 90.009
0.04715 90.009
0.047175 90.009
0.0472 90.009
0.047225 90.009
0.04725 90.009
0.047275 90.009
0.0473 90.009
0.047325 90.009
0.04735 90.009
0.047375 90.009
0.0474 90.009
0.047425 90.009
0.04745 90.009
0.047475 90.009
0.0475 90.009
0.047525 90.009
0.04755 90.009
0.047575 90.009
0.0476 90.009
0.047625 90.009
0.04765 90.009
0.047675 90.009
0.0477 90.009
0.047725 90.009
0.04775 90.009
0.047775 90.009
0.0478 90.009
0.047825 90.009
0.04785 90.009
0.047875 90.009
0.0479 90.009
0.047925 90.009
0.04795 90.009
0.047975 90.009
0.048 90.009
0.048025 90.009
0.04805 90.009
0.048075 90.009
0.0481 90.009
0.048125 90.009
0.04815 90.009
0.048175 90.009
0.0482 90.009
0.048225 90.009
0.04825 90.009
0.048275 90.009
0.0483 90.009
0.048325 90.009
0.04835 90.009
0.048375 90.009
0.0484 90.009
0.048425 90.009
0.04845 90.009
0.048475 90.009
0.0485 90.009
0.048525 90.009
0.04855 90.009
0.048575 90.009
0.0486 90.009
0.048625 90.009
0.04865 90.009
0.048675 90.009
0.0487 90.009
0.048725 90.009
0.04875 90.009
0.048775 90.009
0.0488 90.009
0.048825 90.009
0.04885 90.009
0.048875 90.009
0.0489 90.009
0.048925 90.009
0.04895 90.009
0.048975 90.009
0.049 90.009
0.049025 90.009
0.04905 90.009
0.049075 90.009
0.0491 90.009
0.049125 90.009
0.04915 90.009
0.049175 90.009
0.0492 90.009
0.049225 90.009
0.04925 90.009
0.049275 90.009
0.0493 90.009
0.049325 90.009
0.04935 90.009
0.049375 90.009
0.0494 90.009
0.049425 90.009
0.04945 90.009
0.049475 90.009
0.0495 90.009
0.049525 90.009
0.04955 90.009
0.049575 90.009
0.0496 90.009
0.049625 90.009
0.04965 90.009
0.049675 90.009
0.0497 90.009
0.049725 90.009
0.04975 90.009
0.049775 90.009
0.0498 90.009
0.049825 90.009
0.04985 90.009
0.049875 90.009
0.0499 90.009
0.049925 90.009
0.04995 90.009
0.049975 90.009
0.05 90.009
0.050025 90.009
0.05005 90.009
0.050075 90.009
0.0501 90.009
0.050125 90.009
0.05015 90.009
0.050175 90.009
0.0502 90.009
0.050225 90.009
0.05025 90.009
0.050275 90.009
0.0503 90.009
0.050325 90.009
0.05035 90.009
0.050375 90.009
0.0504 90.009
0.050425 90.009
0.05045 90.009
0.050475 90.009
0.0505 90.009
0.050525 90.009
0.05055 90.009
0.050575 90.009
0.0506 90.009
0.050625 90.009
0.05065 90.009
0.050675 90.009
0.0507 90.009
0.050725 90.009
0.05075 90.009
0.050775 90.009
0.0508 90.009
0.050825 90.009
0.05085 90.009
0.050875 90.009
0.0509 90.009
0.050925 90.009
0.05095 90.009
0.050975 90.009
0.051 90.009
0.051025 90.009
0.05105 90.009
0.051075 90.009
0.0511 90.009
0.051125 90.009
0.05115 90.009
0.051175 90.009
0.0512 90.009
0.051225 90.009
0.05125 90.009
0.051275 90.009
0.0513 90.009
0.051325 90.009
0.05135 90.009
0.051375 90.009
0.0514 90.009
0.051425 90.009
0.05145 90.009
0.051475 90.009
0.0515 90.009
0.051525 90.009
0.05155 90.009
0.051575 90.009
0.0516 90.009
0.051625 90.009
0.05165 90.009
0.051675 90.009
0.0517 90.009
0.051725 90.009
0.05175 90.009
0.051775 90.009
0.0518 90.009
0.051825 90.009
0.05185 90.009
0.051875 90.009
0.0519 90.009
0.051925 90.009
0.05195 90.009
0.051975 90.009
0.052 90.009
0.052025 90.009
0.05205 90.009
0.052075 90.009
0.0521 90.009
0.052125 90.009
0.05215 90.009
0.052175 90.009
0.0522 90.009
0.052225 90.009
0.05225 90.009
0.052275 90.009
0.0523 90.009
0.052325 90.009
0.05235 90.009
0.052375 90.009
0.0524 90.009
0.052425 90.009
0.05245 90.009
0.052475 90.009
0.0525 90.009
0.052525 90.009
0.05255 90.009
0.052575 90.009
0.0526 90.009
0.052625 90.009
0.05265 90.009
0.052675 90.009
0.0527 90.009
0.052725 90.009
0.05275 90.009
0.052775 90.009
0.0528 90.009
0.052825 90.009
0.05285 90.009
0.052875 90.009
0.0529 90.009
0.052925 90.009
0.05295 90.009
0.052975 90.009
0.053 90.009
0.053025 90.009
0.05305 90.009
0.053075 90.009
0.0531 90.009
0.053125 90.009
0.05315 90.009
0.053175 90.009
0.0532 90.009
0.053225 90.009
0.05325 90.009
0.053275 90.009
0.0533 90.009
0.053325 90.009
0.05335 90.009
0.053375 90.009
0.0534 90.009
0.053425 90.009
0.05345 90.009
0.053475 90.009
0.0535 90.009
0.053525 90.009
0.05355 90.009
0.053575 90.009
0.0536 90.009
0.053625 90.009
0.05365 90.009
0.053675 90.009
0.0537 90.009
0.053725 90.009
0.05375 90.009
0.053775 90.009
0.0538 90.009
0.053825 90.009
0.05385 90.009
0.053875 90.009
0.0539 90.009
0.053925 90.009
0.05395 90.009
0.053975 90.009
0.054 90.009
0.054025 90.009
0.05405 90.009
0.054075 90.009
0.0541 90.009
0.054125 90.009
0.05415 90.009
0.054175 90.009
0.0542 90.009
0.054225 90.009
0.05425 90.009
0.054275 90.009
0.0543 90.009
0.054325 90.009
0.05435 90.009
0.054375 90.009
0.0544 90.009
0.054425 90.009
0.05445 90.009
0.054475 90.009
0.0545 90.009
0.054525 90.009
0.05455 90.009
0.054575 90.009
0.0546 90.009
0.054625 90.009
0.05465 90.009
0.054675 90.009
0.0547 90.009
0.054725 90.009
0.05475 90.009
0.054775 90.009
0.0548 90.009
0.054825 90.009
0.05485 90.009
0.054875 90.009
0.0549 90.009
0.054925 90.009
0.05495 90.009
0.054975 90.009
0.055 90.009
0.055025 90.009
0.05505 90.009
0.055075 90.009
0.0551 90.009
0.055125 90.009
0.05515 90.009
0.055175 90.009
0.0552 90.009
0.055225 90.009
0.05525 90.009
0.055275 90.009
0.0553 90.009
0.055325 90.009
0.05535 90.009
0.055375 90.009
0.0554 90.009
0.055425 90.009
0.05545 90.009
0.055475 90.009
0.0555 90.009
0.055525 90.009
0.05555 90.009
0.055575 90.009
0.0556 90.009
0.055625 90.009
0.05565 90.009
0.055675 90.009
0.0557 90.009
0.055725 90.009
0.05575 90.009
0.055775 90.009
0.0558 90.009
0.055825 90.009
0.05585 90.009
0.055875 90.009
0.0559 90.009
0.055925 90.009
0.05595 90.009
0.055975 90.009
0.056 90.009
0.056025 90.009
0.05605 90.009
0.056075 90.009
0.0561 90.009
0.056125 90.009
0.05615 90.009
0.056175 90.009
0.0562 90.009
0.056225 90.009
0.05625 90.009
0.056275 90.009
0.0563 90.009
0.056325 90.009
0.05635 90.009
0.056375 90.009
0.0564 90.009
0.056425 90.009
0.05645 90.009
0.056475 90.009
0.0565 90.009
0.056525 90.009
0.05655 90.009
0.056575 90.009
0.0566 90.009
0.056625 90.009
0.05665 90.009
0.056675 90.009
0.0567 90.009
0.056725 90.009
0.05675 90.009
0.056775 90.009
0.0568 90.009
0.056825 90.009
0.05685 90.009
0.056875 90.009
0.0569 90.009
0.056925 90.009
0.05695 90.009
0.056975 90.009
0.057 90.009
0.057025 90.009
0.05705 90.009
0.057075 90.009
0.0571 90.009
0.057125 90.009
0.05715 90.009
0.057175 90.009
0.0572 90.009
0.057225 90.009
0.05725 90.009
0.057275 90.009
0.0573 90.009
0.057325 90.009
0.05735 90.009
0.057375 90.009
0.0574 90.009
0.057425 90.009
0.05745 90.009
0.057475 90.009
0.0575 90.009
0.057525 90.009
0.05755 90.009
0.057575 90.009
0.0576 90.009
0.057625 90.009
0.05765 90.009
0.057675 90.009
0.0577 90.009
0.057725 90.009
0.05775 90.009
0.057775 90.009
0.0578 90.009
0.057825 90.009
0.05785 90.009
0.057875 90.009
0.0579 90.009
0.057925 90.009
0.05795 90.009
0.057975 90.009
0.058 90.009
0.058025 90.009
0.05805 90.009
0.058075 90.009
0.0581 90.009
0.058125 90.009
0.05815 90.009
0.058175 90.009
0.0582 90.009
0.058225 90.009
0.05825 90.009
0.058275 90.009
0.0583 90.009
0.058325 90.009
0.05835 90.009
0.058375 90.009
0.0584 90.009
0.058425 90.009
0.05845 90.009
0.058475 90.009
0.0585 90.009
0.058525 90.009
0.05855 90.009
0.058575 90.009
0.0586 90.009
0.058625 90.009
0.05865 90.009
0.058675 90.009
0.0587 90.009
0.058725 90.009
0.05875 90.009
0.058775 90.009
0.0588 90.009
0.058825 90.009
0.05885 90.009
0.058875 90.009
0.0589 90.009
0.058925 90.009
0.05895 90.009
0.058975 90.009
0.059 90.009
0.059025 90.009
0.05905 90.009
0.059075 90.009
0.0591 90.009
0.059125 90.009
0.05915 90.009
0.059175 90.009
0.0592 90.009
0.059225 90.009
0.05925 90.009
0.059275 90.009
0.0593 90.009
0.059325 90.009
0.05935 90.009
0.059375 90.009
0.0594 90.009
0.059425 90.009
0.05945 90.009
0.059475 90.009
0.0595 90.009
0.059525 90.009
0.05955 90.009
0.059575 90.009
0.0596 90.009
0.059625 90.009
0.05965 90.009
0.059675 90.009
0.0597 90.009
0.059725 90.009
0.05975 90.009
0.059775 90.009
0.0598 90.009
0.059825 90.009
0.05985 90.009
0.059875 90.009
0.0599 90.009
0.059925 90.009
0.05995 90.009
0.059975 90.009
0.06 90.009
0.060025 90.009
0.06005 90.009
0.060075 90.009
0.0601 90.009
0.060125 90.009
0.06015 90.009
0.060175 90.009
0.0602 90.009
0.060225 90.009
0.06025 90.009
0.060275 90.009
0.0603 90.009
0.060325 90.009
0.06035 90.009
0.060375 90.009
0.0604 90.009
0.060425 90.009
0.06045 90.009
0.060475 90.009
0.0605 90.009
0.060525 90.009
0.06055 90.009
0.060575 90.009
0.0606 90.009
0.060625 90.009
0.06065 90.009
0.060675 90.009
0.0607 90.009
0.060725 90.009
0.06075 90.009
0.060775 90.009
0.0608 90.009
0.060825 90.009
0.06085 90.009
0.060875 90.009
0.0609 90.009
0.060925 90.009
0.06095 90.009
0.060975 90.009
0.061 90.009
0.061025 90.009
0.06105 90.009
0.061075 90.009
0.0611 90.009
0.061125 90.009
0.06115 90.009
0.061175 90.009
0.0612 90.009
0.061225 90.009
0.06125 90.009
0.061275 90.009
0.0613 90.009
0.061325 90.009
0.06135 90.009
0.061375 90.009
0.0614 90.009
0.061425 90.009
0.06145 90.009
0.061475 90.009
0.0615 90.009
0.061525 90.009
0.06155 90.009
0.061575 90.009
0.0616 90.009
0.061625 90.009
0.06165 90.009
0.061675 90.009
0.0617 90.009
0.061725 90.009
0.06175 90.009
0.061775 90.009
0.0618 90.009
0.061825 90.009
0.06185 90.009
0.061875 90.009
0.0619 90.009
0.061925 90.009
0.06195 90.009
0.061975 90.009
0.062 90.009
0.062025 90.009
0.06205 90.009
0.062075 90.009
0.0621 90.009
0.062125 90.009
0.06215 90.009
0.062175 90.009
0.0622 90.009
0.062225 90.009
0.06225 90.009
0.062275 90.009
0.0623 90.009
0.062325 90.009
0.06235 90.009
0.062375 90.009
0.0624 90.009
0.062425 90.009
0.06245 90.009
0.062475 90.009
0.0625 90.009
0.062525 90.009
0.06255 90.009
0.062575 90.009
0.0626 90.009
0.062625 90.009
0.06265 90.009
0.062675 90.009
0.0627 90.009
0.062725 90.009
0.06275 90.009
0.062775 90.009
0.0628 90.009
0.062825 90.009
0.06285 90.009
0.062875 90.009
0.0629 90.009
0.062925 90.009
0.06295 90.009
0.062975 90.009
0.063 90.009
0.063025 90.009
0.06305 90.009
0.063075 90.009
0.0631 90.009
0.063125 90.009
0.06315 90.009
0.063175 90.009
0.0632 90.009
0.063225 90.009
0.06325 90.009
0.063275 90.009
0.0633 90.009
0.063325 90.009
0.06335 90.009
0.063375 90.009
0.0634 90.009
0.063425 90.009
0.06345 90.009
0.063475 90.009
0.0635 90.009
0.063525 90.009
0.06355 90.009
0.063575 90.009
0.0636 90.009
0.063625 90.009
0.06365 90.009
0.063675 90.009
0.0637 90.009
0.063725 90.009
0.06375 90.009
0.063775 90.009
0.0638 90.009
0.063825 90.009
0.06385 90.009
0.063875 90.009
0.0639 90.009
0.063925 90.009
0.06395 90.009
0.063975 90.009
0.064 90.009
0.064025 90.009
0.06405 90.009
0.064075 90.009
0.0641 90.009
0.064125 90.009
0.06415 90.009
0.064175 90.009
0.0642 90.009
0.064225 90.009
0.06425 90.009
0.064275 90.009
0.0643 90.009
0.064325 90.009
0.06435 90.009
0.064375 90.009
0.0644 90.009
0.064425 90.009
0.06445 90.009
0.064475 90.009
0.0645 90.009
0.064525 90.009
0.06455 90.009
0.064575 90.009
0.0646 90.009
0.064625 90.009
0.06465 90.009
0.064675 90.009
0.0647 90.009
0.064725 90.009
0.06475 90.009
0.064775 90.009
0.0648 90.009
0.064825 90.009
0.06485 90.009
0.064875 90.009
0.0649 90.009
0.064925 90.009
0.06495 90.009
0.064975 90.009
0.065 90.009
0.065025 90.009
0.06505 90.009
0.065075 90.009
0.0651 90.009
0.065125 90.009
0.06515 90.009
0.065175 90.009
0.0652 90.009
0.065225 90.009
0.06525 90.009
0.065275 90.009
0.0653 90.009
0.065325 90.009
0.06535 90.009
0.065375 90.009
0.0654 90.009
0.065425 90.009
0.06545 90.009
0.065475 90.009
0.0655 90.009
0.065525 90.009
0.06555 90.009
0.065575 90.009
0.0656 90.009
0.065625 90.009
0.06565 90.009
0.065675 90.009
0.0657 90.009
0.065725 90.009
0.06575 90.009
0.065775 90.009
0.0658 90.009
0.065825 90.009
0.06585 90.009
0.065875 90.009
0.0659 90.009
0.065925 90.009
0.06595 90.009
0.065975 90.009
0.066 90.009
0.066025 90.009
0.06605 90.009
0.066075 90.009
0.0661 90.009
0.066125 90.009
0.06615 90.009
0.066175 90.009
0.0662 90.009
0.066225 90.009
0.06625 90.009
0.066275 90.009
0.0663 90.009
0.066325 90.009
0.06635 90.009
0.066375 90.009
0.0664 90.009
0.066425 90.009
0.06645 90.009
0.066475 90.009
0.0665 90.009
0.066525 90.009
0.06655 90.009
0.066575 90.009
0.0666 90.009
0.066625 90.009
0.06665 90.009
0.066675 90.009
0.0667 90.009
0.066725 90.009
0.06675 90.009
0.066775 90.009
0.0668 90.009
0.066825 90.009
0.06685 90.009
0.066875 90.009
0.0669 90.009
0.066925 90.009
0.06695 90.009
0.066975 90.009
0.067 90.009
0.067025 90.009
0.06705 90.009
0.067075 90.009
0.0671 90.009
0.067125 90.009
0.06715 90.009
0.067175 90.009
0.0672 90.009
0.067225 90.009
0.06725 90.009
0.067275 90.009
0.0673 90.009
0.067325 90.009
0.06735 90.009
0.067375 90.009
0.0674 90.009
0.067425 90.009
0.06745 90.009
0.067475 90.009
0.0675 90.009
0.067525 90.009
0.06755 90.009
0.067575 90.009
0.0676 90.009
0.067625 90.009
0.06765 90.009
0.067675 90.009
0.0677 90.009
0.067725 90.009
0.06775 90.009
0.067775 90.009
0.0678 90.009
0.067825 90.009
0.06785 90.009
0.067875 90.009
0.0679 90.009
0.067925 90.009
0.06795 90.009
0.067975 90.009
0.068 90.009
0.068025 90.009
0.06805 90.009
0.068075 90.009
0.0681 90.009
0.068125 90.009
0.06815 90.009
0.068175 90.009
0.0682 90.009
0.068225 90.009
0.06825 90.009
0.068275 90.009
0.0683 90.009
0.068325 90.009
0.06835 90.009
0.068375 90.009
0.0684 90.009
0.068425 90.009
0.06845 90.009
0.068475 90.009
0.0685 90.009
0.068525 90.009
0.06855 90.009
0.068575 90.009
0.0686 90.009
0.068625 90.009
0.06865 90.009
0.068675 90.009
0.0687 90.009
0.068725 90.009
0.06875 90.009
0.068775 90.009
0.0688 90.009
0.068825 90.009
0.06885 90.009
0.068875 90.009
0.0689 90.009
0.068925 90.009
0.06895 90.009
0.068975 90.009
0.069 90.009
0.069025 90.009
0.06905 90.009
0.069075 90.009
0.0691 90.009
0.069125 90.009
0.06915 90.009
0.069175 90.009
0.0692 90.009
0.069225 90.009
0.06925 90.009
0.069275 90.009
0.0693 90.009
0.069325 90.009
0.06935 90.009
0.069375 90.009
0.0694 90.009
0.069425 90.009
0.06945 90.009
0.069475 90.009
0.0695 90.009
0.069525 90.009
0.06955 90.009
0.069575 90.009
0.0696 90.009
0.069625 90.009
0.06965 90.009
0.069675 90.009
0.0697 90.009
0.069725 90.009
0.06975 90.009
0.069775 90.009
0.0698 90.009
0.069825 90.009
0.06985 90.009
0.069875 90.009
0.0699 90.009
0.069925 90.009
0.06995 90.009
0.069975 90.009
0.07 90.009
0.070025 90.009
0.07005 90.009
0.070075 90.009
0.0701 90.009
0.070125 90.009
0.07015 90.009
0.070175 90.009
0.0702 90.009
0.070225 90.009
0.07025 90.009
0.070275 90.009
0.0703 90.009
0.070325 90.009
0.07035 90.009
0.070375 90.009
0.0704 90.009
0.070425 90.009
0.07045 90.009
0.070475 90.009
0.0705 90.009
0.070525 90.009
0.07055 90.009
0.070575 90.009
0.0706 90.009
0.070625 90.009
0.07065 90.009
0.070675 90.009
0.0707 90.009
0.070725 90.009
0.07075 90.009
0.070775 90.009
0.0708 90.009
0.070825 90.009
0.07085 90.009
0.070875 90.009
0.0709 90.009
0.070925 90.009
0.07095 90.009
0.070975 90.009
0.071 90.009
0.071025 90.009
0.07105 90.009
0.071075 90.009
0.0711 90.009
0.071125 90.009
0.07115 90.009
0.071175 90.009
0.0712 90.009
0.071225 90.009
0.07125 90.009
0.071275 90.009
0.0713 90.009
0.071325 90.009
0.07135 90.009
0.071375 90.009
0.0714 90.009
0.071425 90.009
0.07145 90.009
0.071475 90.009
0.0715 90.009
0.071525 90.009
0.07155 90.009
0.071575 90.009
0.0716 90.009
0.071625 90.009
0.07165 90.009
0.071675 90.009
0.0717 90.009
0.071725 90.009
0.07175 90.009
0.071775 90.009
0.0718 90.009
0.071825 90.009
0.07185 90.009
0.071875 90.009
0.0719 90.009
0.071925 90.009
0.07195 90.009
0.071975 90.009
0.072 90.009
0.072025 90.009
0.07205 90.009
0.072075 90.009
0.0721 90.009
0.072125 90.009
0.07215 90.009
0.072175 90.009
0.0722 90.009
0.072225 90.009
0.07225 90.009
0.072275 90.009
0.0723 90.009
0.072325 90.009
0.07235 90.009
0.072375 90.009
0.0724 90.009
0.072425 90.009
0.07245 90.009
0.072475 90.009
0.0725 90.009
0.072525 90.009
0.07255 90.009
0.072575 90.009
0.0726 90.009
0.072625 90.009
0.07265 90.009
0.072675 90.009
0.0727 90.009
0.072725 90.009
0.07275 90.009
0.072775 90.009
0.0728 90.009
0.072825 90.009
0.07285 90.009
0.072875 90.009
0.0729 90.009
0.072925 90.009
0.07295 90.009
0.072975 90.009
0.073 90.009
0.073025 90.009
0.07305 90.009
0.073075 90.009
0.0731 90.009
0.073125 90.009
0.07315 90.009
0.073175 90.009
0.0732 90.009
0.073225 90.009
0.07325 90.009
0.073275 90.009
0.0733 90.009
0.073325 90.009
0.07335 90.009
0.073375 90.009
0.0734 90.009
0.073425 90.009
0.07345 90.009
0.073475 90.009
0.0735 90.009
0.073525 90.009
0.07355 90.009
0.073575 90.009
0.0736 90.009
0.073625 90.009
0.07365 90.009
0.073675 90.009
0.0737 90.009
0.073725 90.009
0.07375 90.009
0.073775 90.009
0.0738 90.009
0.073825 90.009
0.07385 90.009
0.073875 90.009
0.0739 90.009
0.073925 90.009
0.07395 90.009
0.073975 90.009
0.074 90.009
0.074025 90.009
0.07405 90.009
0.074075 90.009
0.0741 90.009
0.074125 90.009
0.07415 90.009
0.074175 90.009
0.0742 90.009
0.074225 90.009
0.07425 90.009
0.074275 90.009
0.0743 90.009
0.074325 90.009
0.07435 90.009
0.074375 90.009
0.0744 90.009
0.074425 90.009
0.07445 90.009
0.074475 90.009
0.0745 90.009
0.074525 90.009
0.07455 90.009
0.074575 90.009
0.0746 90.009
0.074625 90.009
0.07465 90.009
0.074675 90.009
0.0747 90.009
0.074725 90.009
0.07475 90.009
0.074775 90.009
0.0748 90.009
0.074825 90.009
0.07485 90.009
0.074875 90.009
0.0749 90.009
0.074925 90.009
0.07495 90.009
0.074975 90.009
0.075 90.009
0.075025 90.009
0.07505 90.009
0.075075 90.009
0.0751 90.009
0.075125 90.009
0.07515 90.009
0.075175 90.009
0.0752 90.009
0.075225 90.009
0.07525 90.009
0.075275 90.009
0.0753 90.009
0.075325 90.009
0.07535 90.009
0.075375 90.009
0.0754 90.009
0.075425 90.009
0.07545 90.009
0.075475 90.009
0.0755 90.009
0.075525 90.009
0.07555 90.009
0.075575 90.009
0.0756 90.009
0.075625 90.009
0.07565 90.009
0.075675 90.009
0.0757 90.009
0.075725 90.009
0.07575 90.009
0.075775 90.009
0.0758 90.009
0.075825 90.009
0.07585 90.009
0.075875 90.009
0.0759 90.009
0.075925 90.009
0.07595 90.009
0.075975 90.009
0.076 90.009
0.076025 90.009
0.07605 90.009
0.076075 90.009
0.0761 90.009
0.076125 90.009
0.07615 90.009
0.076175 90.009
0.0762 90.009
0.076225 90.009
0.07625 90.009
0.076275 90.009
0.0763 90.009
0.076325 90.009
0.07635 90.009
0.076375 90.009
0.0764 90.009
0.076425 90.009
0.07645 90.009
0.076475 90.009
0.0765 90.009
0.076525 90.009
0.07655 90.009
0.076575 90.009
0.0766 90.009
0.076625 90.009
0.07665 90.009
0.076675 90.009
0.0767 90.009
0.076725 90.009
0.07675 90.009
0.076775 90.009
0.0768 90.009
0.076825 90.009
0.07685 90.009
0.076875 90.009
0.0769 90.009
0.076925 90.009
0.07695 90.009
0.076975 90.009
0.077 90.009
0.077025 90.009
0.07705 90.009
0.077075 90.009
0.0771 90.009
0.077125 90.009
0.07715 90.009
0.077175 90.009
0.0772 90.009
0.077225 90.009
0.07725 90.009
0.077275 90.009
0.0773 90.009
0.077325 90.009
0.07735 90.009
0.077375 90.009
0.0774 90.009
0.077425 90.009
0.07745 90.009
0.077475 90.009
0.0775 90.009
0.077525 90.009
0.07755 90.009
0.077575 90.009
0.0776 90.009
0.077625 90.009
0.07765 90.009
0.077675 90.009
0.0777 90.009
0.077725 90.009
0.07775 90.009
0.077775 90.009
0.0778 90.009
0.077825 90.009
0.07785 90.009
0.077875 90.009
0.0779 90.009
0.077925 90.009
0.07795 90.009
0.077975 90.009
0.078 90.009
0.078025 90.009
0.07805 90.009
0.078075 90.009
0.0781 90.009
0.078125 90.009
0.07815 90.009
0.078175 90.009
0.0782 90.009
0.078225 90.009
0.07825 90.009
0.078275 90.009
0.0783 90.009
0.078325 90.009
0.07835 90.009
0.078375 90.009
0.0784 90.009
0.078425 90.009
0.07845 90.009
0.078475 90.009
0.0785 90.009
0.078525 90.009
0.07855 90.009
0.078575 90.009
0.0786 90.009
0.078625 90.009
0.07865 90.009
0.078675 90.009
0.0787 90.009
0.078725 90.009
0.07875 90.009
0.078775 90.009
0.0788 90.009
0.078825 90.009
0.07885 90.009
0.078875 90.009
0.0789 90.009
0.078925 90.009
0.07895 90.009
0.078975 90.009
0.079 90.009
0.079025 90.009
0.07905 90.009
0.079075 90.009
0.0791 90.009
0.079125 90.009
0.07915 90.009
0.079175 90.009
0.0792 90.009
0.079225 90.009
0.07925 90.009
0.079275 90.009
0.0793 90.009
0.079325 90.009
0.07935 90.009
0.079375 90.009
0.0794 90.009
0.079425 90.009
0.07945 90.009
0.079475 90.009
0.0795 90.009
0.079525 90.009
0.07955 90.009
0.079575 90.009
0.0796 90.009
0.079625 90.009
0.07965 90.009
0.079675 90.009
0.0797 90.009
0.079725 90.009
0.07975 90.009
0.079775 90.009
0.0798 90.009
0.079825 90.009
0.07985 90.009
0.079875 90.009
0.0799 90.009
0.079925 90.009
0.07995 90.009
0.079975 90.009
0.08 90.009
0.080025 90.009
0.08005 90.009
0.080075 90.009
0.0801 90.009
0.080125 90.009
0.08015 90.009
0.080175 90.009
0.0802 90.009
0.080225 90.009
0.08025 90.009
0.080275 90.009
0.0803 90.009
0.080325 90.009
0.08035 90.009
0.080375 90.009
0.0804 90.009
0.080425 90.009
0.08045 90.009
0.080475 90.009
0.0805 90.009
0.080525 90.009
0.08055 90.009
0.080575 90.009
0.0806 90.009
0.080625 90.009
0.08065 90.009
0.080675 90.009
0.0807 90.009
0.080725 90.009
0.08075 90.009
0.080775 90.009
0.0808 90.009
0.080825 90.009
0.08085 90.009
0.080875 90.009
0.0809 90.009
0.080925 90.009
0.08095 90.009
0.080975 90.009
0.081 90.009
0.081025 90.009
0.08105 90.009
0.081075 90.009
0.0811 90.009
0.081125 90.009
0.08115 90.009
0.081175 90.009
0.0812 90.009
0.081225 90.009
0.08125 90.009
0.081275 90.009
0.0813 90.009
0.081325 90.009
0.08135 90.009
0.081375 90.009
0.0814 90.009
0.081425 90.009
0.08145 90.009
0.081475 90.009
0.0815 90.009
0.081525 90.009
0.08155 90.009
0.081575 90.009
0.0816 90.009
0.081625 90.009
0.08165 90.009
0.081675 90.009
0.0817 90.009
0.081725 90.009
0.08175 90.009
0.081775 90.009
0.0818 90.009
0.081825 90.009
0.08185 90.009
0.081875 90.009
0.0819 90.009
0.081925 90.009
0.08195 90.009
0.081975 90.009
0.082 90.009
0.082025 90.009
0.08205 90.009
0.082075 90.009
0.0821 90.009
0.082125 90.009
0.08215 90.009
0.082175 90.009
0.0822 90.009
0.082225 90.009
0.08225 90.009
0.082275 90.009
0.0823 90.009
0.082325 90.009
0.08235 90.009
0.082375 90.009
0.0824 90.009
0.082425 90.009
0.08245 90.009
0.082475 90.009
0.0825 90.009
0.082525 90.009
0.08255 90.009
0.082575 90.009
0.0826 90.009
0.082625 90.009
0.08265 90.009
0.082675 90.009
0.0827 90.009
0.082725 90.009
0.08275 90.009
0.082775 90.009
0.0828 90.009
0.082825 90.009
0.08285 90.009
0.082875 90.009
0.0829 90.009
0.082925 90.009
0.08295 90.009
0.082975 90.009
0.083 90.009
0.083025 90.009
0.08305 90.009
0.083075 90.009
0.0831 90.009
0.083125 90.009
0.08315 90.009
0.083175 90.009
0.0832 90.009
0.083225 90.009
0.08325 90.009
0.083275 90.009
0.0833 90.009
0.083325 90.009
0.08335 90.009
0.083375 90.009
0.0834 90.009
0.083425 90.009
0.08345 90.009
0.083475 90.009
0.0835 90.009
0.083525 90.009
0.08355 90.009
0.083575 90.009
0.0836 90.009
0.083625 90.009
0.08365 90.009
0.083675 90.009
0.0837 90.009
0.083725 90.009
0.08375 90.009
0.083775 90.009
0.0838 90.009
0.083825 90.009
0.08385 90.009
0.083875 90.009
0.0839 90.009
0.083925 90.009
0.08395 90.009
0.083975 90.009
0.084 90.009
0.084025 90.009
0.08405 90.009
0.084075 90.009
0.0841 90.009
0.084125 90.009
0.08415 90.009
0.084175 90.009
0.0842 90.009
0.084225 90.009
0.08425 90.009
0.084275 90.009
0.0843 90.009
0.084325 90.009
0.08435 90.009
0.084375 90.009
0.0844 90.009
0.084425 90.009
0.08445 90.009
0.084475 90.009
0.0845 90.009
0.084525 90.009
0.08455 90.009
0.084575 90.009
0.0846 90.009
0.084625 90.009
0.08465 90.009
0.084675 90.009
0.0847 90.009
0.084725 90.009
0.08475 90.009
0.084775 90.009
0.0848 90.009
0.084825 90.009
0.08485 90.009
0.084875 90.009
0.0849 90.009
0.084925 90.009
0.08495 90.009
0.084975 90.009
0.085 90.009
0.085025 90.009
0.08505 90.009
0.085075 90.009
0.0851 90.009
0.085125 90.009
0.08515 90.009
0.085175 90.009
0.0852 90.009
0.085225 90.009
0.08525 90.009
0.085275 90.009
0.0853 90.009
0.085325 90.009
0.08535 90.009
0.085375 90.009
0.0854 90.009
0.085425 90.009
0.08545 90.009
0.085475 90.009
0.0855 90.009
0.085525 90.009
0.08555 90.009
0.085575 90.009
0.0856 90.009
0.085625 90.009
0.08565 90.009
0.085675 90.009
0.0857 90.009
0.085725 90.009
0.08575 90.009
0.085775 90.009
0.0858 90.009
0.085825 90.009
0.08585 90.009
0.085875 90.009
0.0859 90.009
0.085925 90.009
0.08595 90.009
0.085975 90.009
0.086 90.009
0.086025 90.009
0.08605 90.009
0.086075 90.009
0.0861 90.009
0.086125 90.009
0.08615 90.009
0.086175 90.009
0.0862 90.009
0.086225 90.009
0.08625 90.009
0.086275 90.009
0.0863 90.009
0.086325 90.009
0.08635 90.009
0.086375 90.009
0.0864 90.009
0.086425 90.009
0.08645 90.009
0.086475 90.009
0.0865 90.009
0.086525 90.009
0.08655 90.009
0.086575 90.009
0.0866 90.009
0.086625 90.009
0.08665 90.009
0.086675 90.009
0.0867 90.009
0.086725 90.009
0.08675 90.009
0.086775 90.009
0.0868 90.009
0.086825 90.009
0.08685 90.009
0.086875 90.009
0.0869 90.009
0.086925 90.009
0.08695 90.009
0.086975 90.009
0.087 90.009
0.087025 90.009
0.08705 90.009
0.087075 90.009
0.0871 90.009
0.087125 90.009
0.08715 90.009
0.087175 90.009
0.0872 90.009
0.087225 90.009
0.08725 90.009
0.087275 90.009
0.0873 90.009
0.087325 90.009
0.08735 90.009
0.087375 90.009
0.0874 90.009
0.087425 90.009
0.08745 90.009
0.087475 90.009
0.0875 90.009
0.087525 90.009
0.08755 90.009
0.087575 90.009
0.0876 90.009
0.087625 90.009
0.08765 90.009
0.087675 90.009
0.0877 90.009
0.087725 90.009
0.08775 90.009
0.087775 90.009
0.0878 90.009
0.087825 90.009
0.08785 90.009
0.087875 90.009
0.0879 90.009
0.087925 90.009
0.08795 90.009
0.087975 90.009
0.088 90.009
0.088025 90.009
0.08805 90.009
0.088075 90.009
0.0881 90.009
0.088125 90.009
0.08815 90.009
0.088175 90.009
0.0882 90.009
0.088225 90.009
0.08825 90.009
0.088275 90.009
0.0883 90.009
0.088325 90.009
0.08835 90.009
0.088375 90.009
0.0884 90.009
0.088425 90.009
0.08845 90.009
0.088475 90.009
0.0885 90.009
0.088525 90.009
0.08855 90.009
0.088575 90.009
0.0886 90.009
0.088625 90.009
0.08865 90.009
0.088675 90.009
0.0887 90.009
0.088725 90.009
0.08875 90.009
0.088775 90.009
0.0888 90.009
0.088825 90.009
0.08885 90.009
0.088875 90.009
0.0889 90.009
0.088925 90.009
0.08895 90.009
0.088975 90.009
0.089 90.009
0.089025 90.009
0.08905 90.009
0.089075 90.009
0.0891 90.009
0.089125 90.009
0.08915 90.009
0.089175 90.009
0.0892 90.009
0.089225 90.009
0.08925 90.009
0.089275 90.009
0.0893 90.009
0.089325 90.009
0.08935 90.009
0.089375 90.009
0.0894 90.009
0.089425 90.009
0.08945 90.009
0.089475 90.009
0.0895 90.009
0.089525 90.009
0.08955 90.009
0.089575 90.009
0.0896 90.009
0.089625 90.009
0.08965 90.009
0.089675 90.009
0.0897 90.009
0.089725 90.009
0.08975 90.009
0.089775 90.009
0.0898 90.009
0.089825 90.009
0.08985 90.009
0.089875 90.009
0.0899 90.009
0.089925 90.009
0.08995 90.009
0.089975 90.009
0.09 90.009
0.090025 90.009
0.09005 90.009
0.090075 90.009
0.0901 90.009
0.090125 90.009
0.09015 90.009
0.090175 90.009
0.0902 90.009
0.090225 90.009
0.09025 90.009
0.090275 90.009
0.0903 90.009
0.090325 90.009
0.09035 90.009
0.090375 90.009
0.0904 90.009
0.090425 90.009
0.09045 90.009
0.090475 90.009
0.0905 90.009
0.090525 90.009
0.09055 90.009
0.090575 90.009
0.0906 90.009
0.090625 90.009
0.09065 90.009
0.090675 90.009
0.0907 90.009
0.090725 90.009
0.09075 90.009
0.090775 90.009
0.0908 90.009
0.090825 90.009
0.09085 90.009
0.090875 90.009
0.0909 90.009
0.090925 90.009
0.09095 90.009
0.090975 90.009
0.091 90.009
0.091025 90.009
0.09105 90.009
0.091075 90.009
0.0911 90.009
0.091125 90.009
0.09115 90.009
0.091175 90.009
0.0912 90.009
0.091225 90.009
0.09125 90.009
0.091275 90.009
0.0913 90.009
0.091325 90.009
0.09135 90.009
0.091375 90.009
0.0914 90.009
0.091425 90.009
0.09145 90.009
0.091475 90.009
0.0915 90.009
0.091525 90.009
0.09155 90.009
0.091575 90.009
0.0916 90.009
0.091625 90.009
0.09165 90.009
0.091675 90.009
0.0917 90.009
0.091725 90.009
0.09175 90.009
0.091775 90.009
0.0918 90.009
0.091825 90.009
0.09185 90.009
0.091875 90.009
0.0919 90.009
0.091925 90.009
0.09195 90.009
0.091975 90.009
0.092 90.009
0.092025 90.009
0.09205 90.009
0.092075 90.009
0.0921 90.009
0.092125 90.009
0.09215 90.009
0.092175 90.009
0.0922 90.009
0.092225 90.009
0.09225 90.009
0.092275 90.009
0.0923 90.009
0.092325 90.009
0.09235 90.009
0.092375 90.009
0.0924 90.009
0.092425 90.009
0.09245 90.009
0.092475 90.009
0.0925 90.009
0.092525 90.009
0.09255 90.009
0.092575 90.009
0.0926 90.009
0.092625 90.009
0.09265 90.009
0.092675 90.009
0.0927 90.009
0.092725 90.009
0.09275 90.009
0.092775 90.009
0.0928 90.009
0.092825 90.009
0.09285 90.009
0.092875 90.009
0.0929 90.009
0.092925 90.009
0.09295 90.009
0.092975 90.009
0.093 90.009
0.093025 90.009
0.09305 90.009
0.093075 90.009
0.0931 90.009
0.093125 90.009
0.09315 90.009
0.093175 90.009
0.0932 90.009
0.093225 90.009
0.09325 90.009
0.093275 90.009
0.0933 90.009
0.093325 90.009
0.09335 90.009
0.093375 90.009
0.0934 90.009
0.093425 90.009
0.09345 90.009
0.093475 90.009
0.0935 90.009
0.093525 90.009
0.09355 90.009
0.093575 90.009
0.0936 90.009
0.093625 90.009
0.09365 90.009
0.093675 90.009
0.0937 90.009
0.093725 90.009
0.09375 90.009
0.093775 90.009
0.0938 90.009
0.093825 90.009
0.09385 90.009
0.093875 90.009
0.0939 90.009
0.093925 90.009
0.09395 90.009
0.093975 90.009
0.094 90.009
0.094025 90.009
0.09405 90.009
0.094075 90.009
0.0941 90.009
0.094125 90.009
0.09415 90.009
0.094175 90.009
0.0942 90.009
0.094225 90.009
0.09425 90.009
0.094275 90.009
0.0943 90.009
0.094325 90.009
0.09435 90.009
0.094375 90.009
0.0944 90.009
0.094425 90.009
0.09445 90.009
0.094475 90.009
0.0945 90.009
0.094525 90.009
0.09455 90.009
0.094575 90.009
0.0946 90.009
0.094625 90.009
0.09465 90.009
0.094675 90.009
0.0947 90.009
0.094725 90.009
0.09475 90.009
0.094775 90.009
0.0948 90.009
0.094825 90.009
0.09485 90.009
0.094875 90.009
0.0949 90.009
0.094925 90.009
0.09495 90.009
0.094975 90.009
0.095 90.009
0.095025 90.009
0.09505 90.009
0.095075 90.009
0.0951 90.009
0.095125 90.009
0.09515 90.009
0.095175 90.009
0.0952 90.009
0.095225 90.009
0.09525 90.009
0.095275 90.009
0.0953 90.009
0.095325 90.009
0.09535 90.009
0.095375 90.009
0.0954 90.009
0.095425 90.009
0.09545 90.009
0.095475 90.009
0.0955 90.009
0.095525 90.009
0.09555 90.009
0.095575 90.009
0.0956 90.009
0.095625 90.009
0.09565 90.009
0.095675 90.009
0.0957 90.009
0.095725 90.009
0.09575 90.009
0.095775 90.009
0.0958 90.009
0.095825 90.009
0.09585 90.009
0.095875 90.009
0.0959 90.009
0.095925 90.009
0.09595 90.009
0.095975 90.009
0.096 90.009
0.096025 90.009
0.09605 90.009
0.096075 90.009
0.0961 90.009
0.096125 90.009
0.09615 90.009
0.096175 90.009
0.0962 90.009
0.096225 90.009
0.09625 90.009
0.096275 90.009
0.0963 90.009
0.096325 90.009
0.09635 90.009
0.096375 90.009
0.0964 90.009
0.096425 90.009
0.09645 90.009
0.096475 90.009
0.0965 90.009
0.096525 90.009
0.09655 90.009
0.096575 90.009
0.0966 90.009
0.096625 90.009
0.09665 90.009
0.096675 90.009
0.0967 90.009
0.096725 90.009
0.09675 90.009
0.096775 90.009
0.0968 90.009
0.096825 90.009
0.09685 90.009
0.096875 90.009
0.0969 90.009
0.096925 90.009
0.09695 90.009
0.096975 90.009
0.097 90.009
0.097025 90.009
0.09705 90.009
0.097075 90.009
0.0971 90.009
0.097125 90.009
0.09715 90.009
0.097175 90.009
0.0972 90.009
0.097225 90.009
0.09725 90.009
0.097275 90.009
0.0973 90.009
0.097325 90.009
0.09735 90.009
0.097375 90.009
0.0974 90.009
0.097425 90.009
0.09745 90.009
0.097475 90.009
0.0975 90.009
0.097525 90.009
0.09755 90.009
0.097575 90.009
0.0976 90.009
0.097625 90.009
0.09765 90.009
0.097675 90.009
0.0977 90.009
0.097725 90.009
0.09775 90.009
0.097775 90.009
0.0978 90.009
0.097825 90.009
0.09785 90.009
0.097875 90.009
0.0979 90.009
0.097925 90.009
0.09795 90.009
0.097975 90.009
0.098 90.009
0.098025 90.009
0.09805 90.009
0.098075 90.009
0.0981 90.009
0.098125 90.009
0.09815 90.009
0.098175 90.009
0.0982 90.009
0.098225 90.009
0.09825 90.009
0.098275 90.009
0.0983 90.009
0.098325 90.009
0.09835 90.009
0.098375 90.009
0.0984 90.009
0.098425 90.009
0.09845 90.009
0.098475 90.009
0.0985 90.009
0.098525 90.009
0.09855 90.009
0.098575 90.009
0.0986 90.009
0.098625 90.009
0.09865 90.009
0.098675 90.009
0.0987 90.009
0.098725 90.009
0.09875 90.009
0.098775 90.009
0.0988 90.009
0.098825 90.009
0.09885 90.009
0.098875 90.009
0.0989 90.009
0.098925 90.009
0.09895 90.009
0.098975 90.009
0.099 90.009
0.099025 90.009
0.09905 90.009
0.099075 90.009
0.0991 90.009
0.099125 90.009
0.09915 90.009
0.099175 90.009
0.0992 90.009
0.099225 90.009
0.09925 90.009
0.099275 90.009
0.0993 90.009
0.099325 90.009
0.09935 90.009
0.099375 90.009
0.0994 90.009
0.099425 90.009
0.09945 90.009
0.099475 90.009
0.0995 90.009
0.099525 90.009
0.09955 90.009
0.099575 90.009
0.0996 90.009
0.099625 90.009
0.09965 90.009
0.099675 90.009
0.0997 90.009
0.099725 90.009
0.09975 90.009
0.099775 90.009
0.0998 90.009
0.099825 90.009
0.09985 90.009
0.099875 90.009
0.0999 90.009
0.099925 90.009
0.09995 90.009
0.099975 90.009
0.1 90.009
