0 0
5e-05 0.4
0.0001 0.049622
0.00015 -0.10064
0.0002 0.127579
0.00025 -0.164213
0.0003 0.211876
0.00035 -0.272687
0.0004 0.351647
0.00045 -0.452773
0.0005 0.583678
0.00055 -0.751733
0.0006 0.968872
0.00065 -1.24803
0.0007 1.60833
0.00075 -2.07194
0.0008 2.66989
0.00085 -3.4397
0.0009 4.43217
0.00095 -5.71031
0.001 7.35773
0.00105 -9.47973
0.0011 12.2144
0.00115 -15.7373
0.0012 20.277
0.00125 -26.1255
0.0013 33.6616
0.00135 -43.3708
0.0014 55.8812
0.00145 -71.9996
0.0015 92.7679
0.00155 -119.526
0.0016 154.003
0.00165 -198.425
0.0017 255.66
0.00175 -329.403
0.0018 424.419
0.00185 -546.84
0.0019 704.574
0.00195 -907.805
0.002 1169.66
0.00205 -1507.04
0.0021 1941.74
0.00215 -2501.83
0.0022 3223.47
0.00225 -4153.26
0.0023 5351.26
0.00235 -6894.8
0.0024 8883.58
0.00245 -11446
0.0025 14747.6
0.00255 -19001.4
0.0026 24482.3
0.00265 -31544.1
0.0027 40642.9
0.00275 -52366.2
0.0028 67471
0.00285 -86932.7
0.0029 112008
0.00295 -144316
0.003 185944
0.00305 -239579
0.0031 308684
0.00315 -397723
0.0032 512444
0.00325 -660256
0.0033 850704
0.00335 -1.09609e+06
0.0034 1.41225e+06
0.00345 -1.81961e+06
0.0035 2.34446e+06
0.00355 -3.02071e+06
0.0036 3.89202e+06
0.00365 -5.01466e+06
0.0037 6.46112e+06
0.00375 -8.3248e+06
0.0038 1.07261e+07
0.00385 -1.38199e+07
0.0039 1.78062e+07
0.00395 -2.29424e+07
0.004 2.956e+07
0.00405 -3.80865e+07
0.0041 4.90724e+07
0.00415 -6.32271e+07
0.0042 8.14647e+07
0.00425 -1.04963e+08
0.0043 1.35239e+08
0.00435 -1.74248e+08
0.0044 2.24509e+08
0.00445 -2.89268e+08
0.0045 3.72706e+08
0.00455 -4.80211e+08
0.0046 6.18726e+08
0.00465 -7.97195e+08
0.0047 1.02714e+09
0.00475 -1.32342e+09
0.0048 1.70515e+09
0.00485 -2.197e+09
0.0049 2.83071e+09
0.00495 -3.64722e+09
0.005 4.69924e+09
0.00505 -6.05472e+09
0.0051 7.80118e+09
0.00515 -1.00514e+10
0.0052 1.29507e+10
0.00525 -1.66862e+10
0.0053 2.14993e+10
0.00535 -2.77007e+10
0.0054 3.56909e+10
0.00545 -4.59857e+10
0.0055 5.92501e+10
0.00555 -7.63406e+10
0.0056 9.83607e+10
0.00565 -1.26732e+11
0.0057 1.63288e+11
0.00575 -2.10388e+11
0.0058 2.71073e+11
0.00585 -3.49263e+11
0.0059 4.50006e+11
0.00595 -5.79809e+11
0.006 7.47052e+11
0.00605 -9.62536e+11
0.0061 1.24018e+12
0.00615 -1.5979e+12
0.0062 2.05881e+12
0.00625 -2.65266e+12
0.0063 3.41781e+12
0.00635 -4.40366e+12
0.0064 5.67388e+12
0.00645 -7.31048e+12
0.0065 9.41916e+12
0.00655 -1.21361e+13
0.0066 1.56367e+13
0.00665 -2.0147e+13
0.0067 2.59583e+13
0.00675 -3.34459e+13
0.0068 4.30932e+13
0.00685 -5.55233e+13
0.0069 7.15388e+13
0.00695 -9.21738e+13
0.007 1.18761e+14
0.00705 -1.53017e+14
0.0071 1.97154e+14
0.00715 -2.54022e+14
0.0072 3.27294e+14
0.00725 -4.21701e+14
0.0073 5.43339e+14
0.00735 -7.00062e+14
0.0074 9.01992e+14
0.00745 -1.16217e+15
0.0075 1.49739e+15
0.00755 -1.92931e+15
0.0076 2.48581e+15
0.00765 -3.20283e+15
0.0077 4.12667e+15
0.00775 -5.31699e+15
0.0078 6.85065e+15
0.00785 -8.8267e+15
0.0079 1.13727e+16
0.00795 -1.46531e+16
0.008 1.88798e+16
0.00805 -2.43256e+16
0.0081 3.13422e+16
0.00815 -4.03827e+16
0.0082 5.20309e+16
0.00825 -6.7039e+16
0.0083 8.63761e+16
0.00835 -1.11291e+17
0.0084 1.43392e+17
0.00845 -1.84753e+17
0.0085 2.38045e+17
0.00855 -3.06707e+17
0.0086 3.95176e+17
0.00865 -5.09163e+17
0.0087 6.56029e+17
0.00875 -8.45257e+17
0.0088 1.08907e+18
0.00885 -1.40321e+18
0.0089 1.80795e+18
0.00895 -2.32945e+18
0.009 3.00137e+18
0.00905 -3.8671e+18
0.0091 4.98255e+18
0.00915 -6.41975e+18
0.0092 8.2715e+18
0.00925 -1.06574e+19
0.0093 1.37315e+19
0.00935 -1.76922e+19
0.0094 2.27955e+19
0.00945 -2.93707e+19
0.0095 3.78426e+19
0.00955 -4.87582e+19
0.0096 6.28222e+19
0.00965 -8.09431e+19
0.0097 1.04291e+20
0.00975 -1.34373e+20
0.0098 1.73132e+20
0.00985 -2.23072e+20
0.0099 2.87416e+20
0.00995 -3.70319e+20
0.01 4.77137e+20
0.01005 -6.14765e+20
0.0101 7.92091e+20
0.01015 -1.02057e+21
0.0102 1.31494e+21
0.01025 -1.69423e+21
0.0103 2.18293e+21
0.01035 -2.81259e+21
0.0104 3.62386e+21
0.01045 -4.66915e+21
0.0105 6.01595e+21
0.01055 -7.75122e+21
0.0106 9.98703e+21
0.01065 -1.28677e+22
0.0107 1.65794e+22
0.01075 -2.13617e+22
0.0108 2.75233e+22
0.01085 -3.54623e+22
0.0109 4.56913e+22
0.01095 -5.88707e+22
0.011 7.58518e+22
0.01105 -9.77309e+22
0.0111 1.25921e+23
0.01115 -1.62242e+23
0.0112 2.0904e+23
0.01125 -2.69337e+23
0.0113 3.47026e+23
0.01135 -4.47125e+23
0.0114 5.76096e+23
0.01145 -7.42268e+23
0.0115 9.56373e+23
0.01155 -1.23223e+24
0.0116 1.58767e+24
0.01165 -2.04562e+24
0.0117 2.63567e+24
0.01175 -3.39592e+24
0.0118 4.37546e+24
0.01185 -5.63755e+24
0.0119 7.26367e+24
0.01195 -9.35885e+24
0.012 1.20584e+25
0.01205 -1.55366e+25
0.0121 2.0018e+25
0.01215 -2.57921e+25
0.0122 3.32318e+25
0.01225 -4.28173e+25
0.0123 5.51678e+25
0.01235 -7.10807e+25
0.0124 9.15836e+25
0.01245 -1.18001e+26
0.0125 1.52037e+26
0.01255 -1.95892e+26
0.0126 2.52396e+26
0.01265 -3.25199e+26
0.0127 4.19001e+26
0.01275 -5.3986e+26
0.0128 6.9558e+26
0.01285 -8.96217e+26
0.0129 1.15473e+27
0.01295 -1.4878e+27
0.013 1.91695e+27
0.01305 -2.46989e+27
0.0131 3.18232e+27
0.01315 -4.10025e+27
0.0132 5.28295e+27
0.01325 -6.80679e+27
0.0133 8.77018e+27
0.01335 -1.12999e+28
0.0134 1.45593e+28
0.01345 -1.87589e+28
0.0135 2.41698e+28
0.01355 -3.11415e+28
0.0136 4.01241e+28
0.01365 -5.16977e+28
0.0137 6.66097e+28
0.01375 -8.5823e+28
0.0138 1.10578e+29
0.01385 -1.42474e+29
0.0139 1.8357e+29
0.01395 -2.3652e+29
0.014 3.04744e+29
0.01405 -3.92646e+29
0.0141 5.05903e+29
0.01415 -6.51828e+29
0.0142 8.39845e+29
0.01425 -1.08209e+30
0.0143 1.39422e+30
0.01435 -1.79638e+30
0.0144 2.31454e+30
0.01445 -2.98215e+30
0.0145 3.84234e+30
0.01455 -4.95065e+30
0.0146 6.37864e+30
0.01465 -8.21854e+30
0.0147 1.05891e+31
0.01475 -1.36435e+31
0.0148 1.7579e+31
0.01485 -2.26495e+31
0.0149 2.91827e+31
0.01495 -3.76003e+31
0.015 4.8446e+31
0.01505 -6.242e+31
0.0151 8.04248e+31
0.01515 -1.03623e+32
0.0152 1.33513e+32
0.01525 -1.72024e+32
0.0153 2.21643e+32
0.01535 -2.85575e+32
0.0154 3.67948e+32
0.01545 -4.74081e+32
0.0155 6.10828e+32
0.01555 -7.87019e+32
0.0156 1.01403e+33
0.01565 -1.30652e+33
0.0157 1.68339e+33
0.01575 -2.16895e+33
0.0158 2.79458e+33
0.01585 -3.60066e+33
0.0159 4.63926e+33
0.01595 -5.97743e+33
0.016 7.70159e+33
0.01605 -9.92308e+33
0.0161 1.27854e+34
0.01615 -1.64732e+34
0.0162 2.12249e+34
0.01625 -2.73471e+34
0.0163 3.52353e+34
0.01635 -4.53987e+34
0.0164 5.84938e+34
0.01645 -7.53661e+34
0.0165 9.71051e+34
0.01655 -1.25115e+35
0.0166 1.61203e+35
0.01665 -2.07702e+35
0.0167 2.67613e+35
0.01675 -3.44804e+35
0.0168 4.44262e+35
0.01685 -5.72407e+35
0.0169 7.37516e+35
0.01695 -9.50249e+35
0.017 1.22434e+36
0.01705 -1.5775e+36
0.0171 2.03252e+36
0.01715 -2.6188e+36
0.0172 3.37418e+36
0.01725 -4.34745e+36
0.0173 5.60145e+36
0.01735 -7.21716e+36
0.0174 9.29892e+36
0.01745 -1.19812e+37
0.0175 1.54371e+37
0.01755 -1.98898e+37
0.0176 2.5627e+37
0.01765 -3.3019e+37
0.0177 4.25431e+37
0.01775 -5.48145e+37
0.0178 7.06256e+37
0.01785 -9.09972e+37
0.0179 1.17245e+38
0.01795 -1.51064e+38
0.018 1.94637e+38
0.01805 -2.5078e+38
0.0181 3.23116e+38
0.01815 -4.16318e+38
0.0182 5.36403e+38
0.01825 -6.91126e+38
0.0183 8.90478e+38
0.01835 -1.14733e+39
0.0184 1.47828e+39
0.01845 -1.90468e+39
0.0185 2.45408e+39
0.01855 -3.16194e+39
0.0186 4.07399e+39
0.01865 -5.24912e+39
0.0187 6.76321e+39
0.01875 -8.71402e+39
0.0188 1.12275e+40
0.01885 -1.44661e+40
0.0189 1.86388e+40
0.01895 -2.4015e+40
0.019 3.09421e+40
0.01905 -3.98672e+40
0.0191 5.13667e+40
0.01915 -6.61832e+40
0.0192 8.52735e+40
0.01925 -1.0987e+41
0.0193 1.41562e+41
0.01935 -1.82395e+41
0.0194 2.35006e+41
0.01945 -3.02792e+41
0.0195 3.90131e+41
0.01955 -5.02663e+41
0.0196 6.47654e+41
0.01965 -8.34468e+41
0.0197 1.07517e+42
0.01975 -1.38529e+42
0.0198 1.78488e+42
0.01985 -2.29972e+42
0.0199 2.96306e+42
0.01995 -3.81774e+42
0.02 4.91895e+42
0.02005 -6.3378e+42
0.0201 8.16591e+42
0.02015 -1.05213e+43
0.0202 1.35562e+43
0.02025 -1.74664e+43
0.0203 2.25045e+43
0.02035 -2.89958e+43
0.0204 3.73596e+43
0.02045 -4.81358e+43
0.0205 6.20203e+43
0.02055 -7.99098e+43
0.0206 1.02959e+44
0.02065 -1.32658e+44
0.0207 1.70922e+44
0.02075 -2.20224e+44
0.0208 2.83747e+44
0.02085 -3.65592e+44
0.0209 4.71046e+44
0.02095 -6.06917e+44
0.021 7.8198e+44
0.02105 -1.00754e+45
0.0211 1.29816e+45
0.02115 -1.67261e+45
0.0212 2.15506e+45
0.02125 -2.77668e+45
0.0213 3.5776e+45
0.02135 -4.60955e+45
0.0214 5.93915e+45
0.02145 -7.65228e+45
0.0215 9.85955e+45
0.02155 -1.27035e+46
0.0216 1.63678e+46
0.02165 -2.1089e+46
0.0217 2.7172e+46
0.02175 -3.50096e+46
0.0218 4.5108e+46
0.02185 -5.81192e+46
0.0219 7.48835e+46
0.02195 -9.64833e+46
0.022 1.24314e+47
0.02205 -1.60171e+47
0.0221 2.06372e+47
0.02215 -2.65899e+47
0.0222 3.42597e+47
0.02225 -4.41417e+47
0.0223 5.68742e+47
0.02235 -7.32793e+47
0.0224 9.44164e+47
0.02245 -1.2165e+48
0.0225 1.5674e+48
0.02255 -2.01951e+48
0.0226 2.60203e+48
0.02265 -3.35257e+48
0.0227 4.31961e+48
0.02275 -5.56558e+48
0.0228 7.17095e+48
0.02285 -9.23938e+48
0.0229 1.19044e+49
0.02295 -1.53382e+49
0.023 1.97625e+49
0.02305 -2.54629e+49
0.0231 3.28075e+49
0.02315 -4.22707e+49
0.0232 5.44636e+49
0.02325 -7.01733e+49
0.0233 9.04145e+49
0.02335 -1.16494e+50
0.0234 1.50097e+50
0.02345 -1.93391e+50
0.0235 2.49174e+50
0.02355 -3.21047e+50
0.0236 4.13652e+50
0.02365 -5.32968e+50
0.0237 6.86701e+50
0.02375 -8.84777e+50
0.0238 1.13999e+51
0.02385 -1.46881e+51
0.0239 1.89248e+51
0.02395 -2.43836e+51
0.024 3.1417e+51
0.02405 -4.04791e+51
0.0241 5.21551e+51
0.02415 -6.7199e+51
0.0242 8.65823e+51
0.02425 -1.11557e+52
0.0243 1.43735e+52
0.02435 -1.85194e+52
0.0244 2.38613e+52
0.02445 -3.0744e+52
0.0245 3.96119e+52
0.02455 -5.10378e+52
0.0246 6.57595e+52
0.02465 -8.47275e+52
0.0247 1.09167e+53
0.02475 -1.40655e+53
0.0248 1.81227e+53
0.02485 -2.33501e+53
0.0249 3.00854e+53
0.02495 -3.87633e+53
0.025 4.99445e+53
0.02505 -6.43507e+53
0.0251 8.29124e+53
0.02515 -1.06828e+54
0.0252 1.37642e+54
0.02525 -1.77345e+54
0.0253 2.28499e+54
0.02535 -2.94409e+54
0.0254 3.79329e+54
0.02545 -4.88745e+54
0.0255 6.29722e+54
0.02555 -8.11363e+54
0.0256 1.0454e+55
0.02565 -1.34694e+55
0.0257 1.73546e+55
0.02575 -2.23604e+55
0.0258 2.88102e+55
0.02585 -3.71203e+55
0.0259 4.78275e+55
0.02595 -6.16232e+55
0.026 7.93981e+55
0.02605 -1.023e+56
0.0261 1.31808e+56
0.02615 -1.69828e+56
0.0262 2.18814e+56
0.02625 -2.8193e+56
0.0263 3.63251e+56
0.02635 -4.6803e+56
0.0264 6.03031e+56
0.02645 -7.76973e+56
0.0265 1.00109e+57
0.02655 -1.28985e+57
0.0266 1.6619e+57
0.02665 -2.14126e+57
0.0267 2.7589e+57
0.02675 -3.5547e+57
0.0268 4.58003e+57
0.02685 -5.90113e+57
0.0269 7.60328e+57
0.02695 -9.79642e+57
0.027 1.26222e+58
0.02705 -1.6263e+58
0.0271 2.09539e+58
0.02715 -2.6998e+58
0.0272 3.47855e+58
0.02725 -4.48192e+58
0.0273 5.77471e+58
0.02735 -7.4404e+58
0.0274 9.58655e+58
0.02745 -1.23518e+59
0.0275 1.59146e+59
0.02755 -2.05051e+59
0.0276 2.64197e+59
0.02765 -3.40403e+59
0.0277 4.38591e+59
0.02775 -5.651e+59
0.0278 7.28101e+59
0.02785 -9.38119e+59
0.0279 1.20872e+60
0.02795 -1.55736e+60
0.028 2.00658e+60
0.02805 -2.58537e+60
0.0281 3.33111e+60
0.02815 -4.29195e+60
0.0282 5.52995e+60
0.02825 -7.12504e+60
0.0283 9.18022e+60
0.02835 -1.18282e+61
0.0284 1.524e+61
0.02845 -1.96359e+61
0.0285 2.52998e+61
0.02855 -3.25975e+61
0.0286 4.20001e+61
0.02865 -5.41148e+61
0.0287 6.9724e+61
0.02875 -8.98356e+61
0.0288 1.15748e+62
0.02885 -1.49135e+62
0.0289 1.92153e+62
0.02895 -2.47579e+62
0.029 3.18992e+62
0.02905 -4.11003e+62
0.0291 5.29556e+62
0.02915 -6.82304e+62
0.0292 8.79111e+62
0.02925 -1.13269e+63
0.0293 1.45941e+63
0.02935 -1.88037e+63
0.0294 2.42275e+63
0.02945 -3.12158e+63
0.0295 4.02199e+63
0.02955 -5.18211e+63
0.0296 6.67687e+63
0.02965 -8.60279e+63
0.0297 1.10842e+64
0.02975 -1.42814e+64
0.0298 1.84008e+64
0.02985 -2.37085e+64
0.0299 3.05471e+64
0.02995 -3.93583e+64
0.03 5.0711e+64
0.03005 -6.53384e+64
0.0301 8.4185e+64
0.03015 -1.08468e+65
0.0302 1.39755e+65
0.03025 -1.80067e+65
0.0303 2.32006e+65
0.03035 -2.98927e+65
0.0304 3.85151e+65
0.03045 -4.96247e+65
0.0305 6.39387e+65
0.03055 -8.23815e+65
0.0306 1.06144e+66
0.03065 -1.36761e+66
0.0307 1.76209e+66
0.03075 -2.27036e+66
0.0308 2.92523e+66
0.03085 -3.76901e+66
0.0309 4.85616e+66
0.03095 -6.2569e+66
0.031 8.06167e+66
0.03105 -1.0387e+67
0.0311 1.33831e+67
0.03115 -1.72434e+67
0.0312 2.22172e+67
0.03125 -2.86257e+67
0.0313 3.68827e+67
0.03135 -4.75213e+67
0.0314 6.12286e+67
0.03145 -7.88898e+67
0.0315 1.01645e+68
0.03155 -1.30964e+68
0.0316 1.6874e+68
0.03165 -2.17413e+68
0.0317 2.80125e+68
0.03175 -3.60925e+68
0.0318 4.65033e+68
0.03185 -5.9917e+68
0.0319 7.71998e+68
0.03195 -9.94677e+68
0.032 1.28159e+69
0.03205 -1.65126e+69
0.0321 2.12755e+69
0.03215 -2.74124e+69
0.0322 3.53194e+69
0.03225 -4.55071e+69
0.0323 5.86334e+69
0.03235 -7.5546e+69
0.0324 9.73369e+69
0.03245 -1.25413e+70
0.0325 1.61588e+70
0.03255 -2.08198e+70
0.0326 2.68251e+70
0.03265 -3.45627e+70
0.0327 4.45322e+70
0.03275 -5.73774e+70
0.0328 7.39276e+70
0.03285 -9.52517e+70
0.0329 1.22727e+71
0.03295 -1.58127e+71
0.033 2.03738e+71
0.03305 -2.62505e+71
0.0331 3.38223e+71
0.03315 -4.35782e+71
0.0332 5.61482e+71
0.03325 -7.23439e+71
0.0333 9.32112e+71
0.03335 -1.20098e+72
0.0334 1.54739e+72
0.03345 -1.99373e+72
0.0335 2.56881e+72
0.03355 -3.30978e+72
0.0336 4.26447e+72
0.03365 -5.49454e+72
0.0337 7.07941e+72
0.03375 -9.12144e+72
0.0338 1.17525e+73
0.03385 -1.51424e+73
0.0339 1.95102e+73
0.03395 -2.51378e+73
0.034 3.23888e+73
0.03405 -4.17312e+73
0.0341 5.37683e+73
0.03415 -6.92776e+73
0.0342 8.92604e+73
0.03425 -1.15007e+74
0.0343 1.48181e+74
0.03435 -1.90923e+74
0.0344 2.45993e+74
0.03445 -3.16949e+74
0.0345 4.08372e+74
0.03455 -5.26165e+74
0.0346 6.77935e+74
0.03465 -8.73482e+74
0.0347 1.12543e+75
0.03475 -1.45006e+75
0.0348 1.86833e+75
0.03485 -2.40724e+75
0.0349 3.10159e+75
0.03495 -3.99624e+75
0.035 5.14893e+75
0.03505 -6.63412e+75
0.0351 8.5477e+75
0.03515 -1.10133e+76
0.0352 1.419e+76
0.03525 -1.8283e+76
0.0353 2.35567e+76
0.03535 -3.03515e+76
0.0354 3.91063e+76
0.03545 -5.03863e+76
0.0355 6.492e+76
0.03555 -8.36459e+76
0.0356 1.07773e+77
0.03565 -1.3886e+77
0.0357 1.78914e+77
0.03575 -2.3052e+77
0.0358 2.97013e+77
0.03585 -3.82685e+77
0.0359 4.93069e+77
0.03595 -6.35293e+77
0.036 8.18541e+77
0.03605 -1.05465e+78
0.0361 1.35885e+78
0.03615 -1.75081e+78
0.0362 2.25582e+78
0.03625 -2.9065e+78
0.0363 3.74487e+78
0.03635 -4.82507e+78
0.0364 6.21684e+78
0.03645 -8.01006e+78
0.0365 1.03205e+79
0.03655 -1.32974e+79
0.0366 1.7133e+79
0.03665 -2.2075e+79
0.0367 2.84424e+79
0.03675 -3.66465e+79
0.0368 4.7217e+79
0.03685 -6.08366e+79
0.0369 7.83846e+79
0.03695 -1.00994e+80
0.037 1.30126e+80
0.03705 -1.6766e+80
0.0371 2.16021e+80
0.03715 -2.78331e+80
0.0372 3.58614e+80
0.03725 -4.62055e+80
0.0373 5.95333e+80
0.03735 -7.67054e+80
0.0374 9.88308e+80
0.03745 -1.27338e+81
0.0375 1.64068e+81
0.03755 -2.11393e+81
0.0376 2.72369e+81
0.03765 -3.50932e+81
0.0377 4.52157e+81
0.03775 -5.8258e+81
0.0378 7.50622e+81
0.03785 -9.67136e+81
0.0379 1.2461e+82
0.03795 -1.60554e+82
0.038 2.06865e+82
0.03805 -2.66534e+82
0.0381 3.43414e+82
0.03815 -4.42471e+82
0.0382 5.701e+82
0.03825 -7.34542e+82
0.0383 9.46418e+82
0.03835 -1.21941e+83
0.0384 1.57114e+83
0.03845 -2.02433e+83
0.0385 2.60824e+83
0.03855 -3.36058e+83
0.0386 4.32992e+83
0.03865 -5.57887e+83
0.0387 7.18807e+83
0.03875 -9.26144e+83
0.0388 1.19329e+84
0.03885 -1.53748e+84
0.0389 1.98097e+84
0.03895 -2.55237e+84
0.039 3.28859e+84
0.03905 -4.23716e+84
0.0391 5.45936e+84
0.03915 -7.03408e+84
0.0392 9.06304e+84
0.03925 -1.16772e+85
0.0393 1.50455e+85
0.03935 -1.93853e+85
0.0394 2.49769e+85
0.03945 -3.21814e+85
0.0395 4.14639e+85
0.03955 -5.3424e+85
0.0396 6.8834e+85
0.03965 -8.86889e+85
0.0397 1.14271e+86
0.03975 -1.47232e+86
0.0398 1.897e+86
0.03985 -2.44418e+86
0.0399 3.1492e+86
0.03995 -4.05757e+86
0.04 5.22796e+86
0.04005 -6.73594e+86
0.0401 8.67889e+86
0.04015 -1.11823e+87
0.0402 1.44078e+87
0.04025 -1.85636e+87
0.0403 2.39182e+87
0.04035 -3.08173e+87
0.0404 3.97065e+87
0.04045 -5.11596e+87
0.0405 6.59164e+87
0.04055 -8.49297e+87
0.0406 1.09427e+88
0.04065 -1.40991e+88
0.0407 1.8166e+88
0.04075 -2.34058e+88
0.0408 3.01572e+88
0.04085 -3.88559e+88
0.0409 5.00637e+88
0.04095 -6.45043e+88
0.041 8.31103e+88
0.04105 -1.07083e+89
0.0411 1.37971e+89
0.04115 -1.77768e+89
0.0412 2.29044e+89
0.04125 -2.95111e+89
0.0413 3.80235e+89
0.04135 -4.89912e+89
0.0414 6.31225e+89
0.04145 -8.13299e+89
0.0415 1.04789e+90
0.04155 -1.35015e+90
0.0416 1.7396e+90
0.04165 -2.24138e+90
0.0417 2.88789e+90
0.04175 -3.72089e+90
0.0418 4.79417e+90
0.04185 -6.17703e+90
0.0419 7.95877e+90
0.04195 -1.02544e+91
0.042 1.32123e+91
0.04205 -1.70233e+91
0.0421 2.19336e+91
0.04215 -2.82603e+91
0.0422 3.64118e+91
0.04225 -4.69147e+91
0.0423 6.0447e+91
0.04235 -7.78827e+91
0.0424 1.00348e+92
0.04245 -1.29293e+92
0.0425 1.66586e+92
0.04255 -2.14638e+92
0.0426 2.76549e+92
0.04265 -3.56318e+92
0.0427 4.59097e+92
0.04275 -5.91521e+92
0.0428 7.62143e+92
0.04285 -9.8198e+92
0.0429 1.26523e+93
0.04295 -1.63018e+93
0.043 2.1004e+93
0.04305 -2.70625e+93
0.0431 3.48685e+93
0.04315 -4.49262e+93
0.0432 5.78849e+93
0.04325 -7.45816e+93
0.0433 9.60944e+93
0.04335 -1.23812e+94
0.0434 1.59526e+94
0.04345 -2.0554e+94
0.0435 2.64827e+94
0.04355 -3.41215e+94
0.0436 4.39638e+94
0.04365 -5.66449e+94
0.0437 7.29839e+94
0.04375 -9.40358e+94
0.0438 1.2116e+95
0.04385 -1.56108e+95
0.0439 2.01137e+95
0.04395 -2.59154e+95
0.044 3.33906e+95
0.04405 -4.3022e+95
0.0441 5.54315e+95
0.04415 -7.14204e+95
0.0442 9.20214e+95
0.04425 -1.18565e+96
0.0443 1.52764e+96
0.04435 -1.96828e+96
0.0444 2.53602e+96
0.04445 -3.26753e+96
0.0445 4.21003e+96
0.04455 -5.4244e+96
0.0446 6.98904e+96
0.04465 -9.00501e+96
0.0447 1.16025e+97
0.04475 -1.49491e+97
0.0448 1.92612e+97
0.04485 -2.4817e+97
0.0449 3.19753e+97
0.04495 -4.11984e+97
0.045 5.3082e+97
0.04505 -6.83932e+97
0.0451 8.8121e+97
0.04515 -1.13539e+98
0.0452 1.46289e+98
0.04525 -1.88485e+98
0.0453 2.42853e+98
0.04535 -3.12903e+98
0.0454 4.03159e+98
0.04545 -5.19448e+98
0.0455 6.69281e+98
0.04555 -8.62332e+98
0.0456 1.11107e+99
0.04565 -1.43155e+99
0.0457 1.84448e+99
0.04575 -2.37651e+99
0.0458 3.062e+99
0.04585 -3.94522e+99
0.0459 5.08321e+99
0.04595 -6.54944e+99
0.046 8.43859e+99
0.04605 -1.08727e+100
0.0461 1.40088e+100
0.04615 -1.80496e+100
0.0462 2.3256e+100
0.04625 -2.99641e+100
0.0463 3.86071e+100
0.04635 -4.97431e+100
0.0464 6.40913e+100
0.04645 -8.25782e+100
0.0465 1.06398e+101
0.04655 -1.37087e+101
0.0466 1.7663e+101
0.04665 -2.27578e+101
0.0467 2.93222e+101
0.04675 -3.778e+101
0.0468 4.86775e+101
0.04685 -6.27183e+101
0.0469 8.08092e+101
0.04695 -1.04118e+102
0.047 1.34151e+102
0.04705 -1.72846e+102
0.0471 2.22703e+102
0.04715 -2.8694e+102
0.0472 3.69707e+102
0.04725 -4.76347e+102
0.0473 6.13748e+102
0.04735 -7.90781e+102
0.0474 1.01888e+103
0.04745 -1.31277e+103
0.0475 1.69143e+103
0.04755 -2.17932e+103
0.0476 2.80793e+103
0.04765 -3.61787e+103
0.0477 4.66143e+103
0.04775 -6.006e+103
0.0478 7.7384e+103
0.04785 -9.97051e+103
0.0479 1.28465e+104
0.04795 -1.6552e+104
0.048 2.13263e+104
0.04805 -2.74778e+104
0.0481 3.54037e+104
0.04815 -4.56157e+104
0.0482 5.87734e+104
0.04825 -7.57263e+104
0.0483 9.75692e+104
0.04835 -1.25713e+105
0.0484 1.61974e+105
0.04845 -2.08695e+105
0.0485 2.68892e+105
0.04855 -3.46452e+105
0.0486 4.46385e+105
0.04865 -5.75143e+105
0.0487 7.41041e+105
0.04875 -9.54791e+105
0.0488 1.2302e+106
0.04885 -1.58504e+106
0.0489 2.04224e+106
0.04895 -2.63131e+106
0.049 3.39031e+106
0.04905 -4.36823e+106
0.0491 5.62822e+106
0.04915 -7.25166e+106
0.0492 9.34337e+106
0.04925 -1.20384e+107
0.0493 1.55109e+107
0.04935 -1.99849e+107
0.0494 2.57495e+107
0.04945 -3.31768e+107
0.0495 4.27465e+107
0.04955 -5.50765e+107
0.0496 7.09631e+107
0.04965 -9.14321e+107
0.0497 1.17805e+108
0.04975 -1.51786e+108
0.0498 1.95568e+108
0.04985 -2.51979e+108
0.0499 3.24661e+108
0.04995 -4.18308e+108
0.05 5.38967e+108
0.05005 -6.94429e+108
0.0501 8.94735e+108
0.05015 -1.15282e+109
0.0502 1.48534e+109
0.05025 -1.91378e+109
0.0503 2.46581e+109
0.05035 -3.17706e+109
0.0504 4.09347e+109
0.05045 -5.27421e+109
0.0505 6.79553e+109
0.05055 -8.75567e+109
0.0506 1.12812e+110
0.05065 -1.45352e+110
0.0507 1.87279e+110
0.05075 -2.41298e+110
0.0508 3.109e+110
0.05085 -4.00577e+110
0.0509 5.16122e+110
0.05095 -6.64996e+110
0.051 8.56811e+110
0.05105 -1.10395e+111
0.0511 1.42239e+111
0.05115 -1.83267e+111
0.0512 2.36129e+111
0.05125 -3.0424e+111
0.0513 3.91996e+111
0.05135 -5.05066e+111
0.0514 6.5075e+111
0.05145 -8.38456e+111
0.0515 1.08031e+112
0.05155 -1.39191e+112
0.0516 1.79341e+112
0.05165 -2.31071e+112
0.0517 2.97722e+112
0.05175 -3.83599e+112
0.0518 4.94246e+112
0.05185 -6.36809e+112
0.0519 8.20494e+112
0.05195 -1.05716e+113
0.052 1.3621e+113
0.05205 -1.75499e+113
0.0521 2.26121e+113
0.05215 -2.91344e+113
0.0522 3.75381e+113
0.05225 -4.83658e+113
0.0523 6.23167e+113
0.05235 -8.02918e+113
0.0524 1.03452e+114
0.05245 -1.33292e+114
0.0525 1.71739e+114
0.05255 -2.21277e+114
0.0526 2.85103e+114
0.05265 -3.6734e+114
0.0527 4.73297e+114
0.05275 -6.09818e+114
0.0528 7.85717e+114
0.05285 -1.01235e+115
0.0529 1.30436e+115
0.05295 -1.6806e+115
0.053 2.16536e+115
0.05305 -2.78995e+115
0.0531 3.5947e+115
0.05315 -4.63158e+115
0.0532 5.96754e+115
0.05325 -7.68885e+115
0.0533 9.90667e+115
0.05335 -1.27642e+116
0.0534 1.6446e+116
0.05345 -2.11898e+116
0.0535 2.73019e+116
0.05355 -3.5177e+116
0.0536 4.53236e+116
0.05365 -5.8397e+116
0.0537 7.52414e+116
0.05375 -9.69445e+116
0.0538 1.24908e+117
0.05385 -1.60937e+117
0.0539 2.07358e+117
0.05395 -2.6717e+117
0.054 3.44234e+117
0.05405 -4.43527e+117
0.0541 5.7146e+117
0.05415 -7.36296e+117
0.0542 9.48677e+117
0.05425 -1.22232e+118
0.0543 1.57489e+118
0.05435 -2.02916e+118
0.0544 2.61447e+118
0.05445 -3.3686e+118
0.0545 4.34026e+118
0.05455 -5.59218e+118
0.0546 7.20523e+118
0.05465 -9.28354e+118
0.0547 1.19613e+119
0.05475 -1.54115e+119
0.0548 1.98569e+119
0.05485 -2.55846e+119
0.0549 3.29644e+119
0.05495 -4.24728e+119
0.055 5.47239e+119
0.05505 -7.05087e+119
0.0551 9.08467e+119
0.05515 -1.17051e+120
0.0552 1.50814e+120
0.05525 -1.94316e+120
0.0553 2.50365e+120
0.05535 -3.22582e+120
0.0554 4.15629e+120
0.05545 -5.35516e+120
0.0555 6.89983e+120
0.05555 -8.89006e+120
0.0556 1.14544e+121
0.05565 -1.47583e+121
0.0557 1.90153e+121
0.05575 -2.45002e+121
0.0558 3.15671e+121
0.05585 -4.06725e+121
0.0559 5.24044e+121
0.05595 -6.75202e+121
0.056 8.69961e+121
0.05605 -1.1209e+122
0.0561 1.44422e+122
0.05615 -1.86079e+122
0.0562 2.39753e+122
0.05625 -3.08909e+122
0.0563 3.98013e+122
0.05635 -5.12818e+122
0.0564 6.60738e+122
0.05645 -8.51325e+122
0.0565 1.09689e+123
0.05655 -1.41328e+123
0.0566 1.82093e+123
0.05665 -2.34617e+123
0.0567 3.02291e+123
0.05675 -3.89486e+123
0.0568 5.01832e+123
0.05685 -6.46583e+123
0.0569 8.33087e+123
0.05695 -1.07339e+124
0.057 1.383e+124
0.05705 -1.78192e+124
0.0571 2.29591e+124
0.05715 -2.95816e+124
0.0572 3.81143e+124
0.05725 -4.91081e+124
0.0573 6.32732e+124
0.05735 -8.15241e+124
0.0574 1.05039e+125
0.05745 -1.35338e+125
0.0575 1.74375e+125
0.05755 -2.24673e+125
0.0576 2.89479e+125
0.05765 -3.72978e+125
0.0577 4.80561e+125
0.05775 -6.19177e+125
0.0578 7.97776e+125
0.05785 -1.02789e+126
0.0579 1.32438e+126
0.05795 -1.7064e+126
0.058 2.1986e+126
0.05805 -2.83277e+126
0.0581 3.64988e+126
0.05815 -4.70267e+126
0.0582 6.05913e+126
0.05825 -7.80686e+126
0.0583 1.00587e+127
0.05835 -1.29601e+127
0.0584 1.66984e+127
0.05845 -2.1515e+127
0.0585 2.77209e+127
0.05855 -3.57169e+127
0.0586 4.60193e+127
0.05865 -5.92933e+127
0.0587 7.63962e+127
0.05875 -9.84324e+127
0.0588 1.26825e+128
0.05885 -1.63407e+128
0.0589 2.10541e+128
0.05895 -2.71271e+128
0.059 3.49517e+128
0.05905 -4.50334e+128
0.0591 5.80231e+128
0.05915 -7.47596e+128
0.0592 9.63237e+128
0.05925 -1.24108e+129
0.0593 1.59906e+129
0.05935 -2.06031e+129
0.0594 2.65459e+129
0.05945 -3.4203e+129
0.0595 4.40687e+129
0.05955 -5.67801e+129
0.0596 7.31581e+129
0.05965 -9.42603e+129
0.0597 1.21449e+130
0.05975 -1.56481e+130
0.0598 2.01617e+130
0.05985 -2.59773e+130
0.0599 3.34703e+130
0.05995 -4.31247e+130
0.06 5.55638e+130
0.06005 -7.15909e+130
0.0601 9.2241e+130
0.06015 -1.18848e+131
0.0602 1.53129e+131
0.06025 -1.97298e+131
0.0603 2.54208e+131
0.06035 -3.27533e+131
0.0604 4.22008e+131
0.06045 -5.43735e+131
0.0605 7.00573e+131
0.06055 -9.0265e+131
0.0606 1.16302e+132
0.06065 -1.49848e+132
0.0607 1.93071e+132
0.06075 -2.48762e+132
0.0608 3.20516e+132
0.06085 -4.12968e+132
0.0609 5.32087e+132
0.06095 -6.85565e+132
0.061 8.83313e+132
0.06105 -1.1381e+133
0.0611 1.46638e+133
0.06115 -1.88935e+133
0.0612 2.43433e+133
0.06125 -3.1365e+133
0.0613 4.04121e+133
0.06135 -5.20688e+133
0.0614 6.70879e+133
0.06145 -8.64391e+133
0.0615 1.11372e+134
0.06155 -1.43497e+134
0.0616 1.84888e+134
0.06165 -2.38218e+134
0.0617 3.06931e+134
0.06175 -3.95464e+134
0.0618 5.09534e+134
0.06185 -6.56507e+134
0.0619 8.45874e+134
0.06195 -1.08986e+135
0.062 1.40423e+135
0.06205 -1.80927e+135
0.0621 2.33115e+135
0.06215 -3.00356e+135
0.0622 3.86992e+135
0.06225 -4.98619e+135
0.0623 6.42443e+135
0.06235 -8.27753e+135
0.0624 1.06651e+136
0.06245 -1.37415e+136
0.0625 1.77051e+136
0.06255 -2.28121e+136
0.0626 2.93922e+136
0.06265 -3.78702e+136
0.0627 4.87937e+136
0.06275 -6.2868e+136
0.0628 8.10021e+136
0.06285 -1.04367e+137
0.0629 1.34471e+137
0.06295 -1.73259e+137
0.063 2.23234e+137
0.06305 -2.87625e+137
0.0631 3.70589e+137
0.06315 -4.77484e+137
0.0632 6.15213e+137
0.06325 -7.92668e+137
0.0633 1.02131e+138
0.06335 -1.3159e+138
0.0634 1.69547e+138
0.06345 -2.18452e+138
0.0635 2.81464e+138
0.06355 -3.62651e+138
0.0636 4.67256e+138
0.06365 -6.02033e+138
0.0637 7.75687e+138
0.06375 -9.99431e+138
0.0638 1.28771e+139
0.06385 -1.65915e+139
0.0639 2.13772e+139
0.06395 -2.75434e+139
0.064 3.54882e+139
0.06405 -4.57246e+139
0.0641 5.89137e+139
0.06415 -7.59071e+139
0.0642 9.78021e+139
0.06425 -1.26013e+140
0.0643 1.62361e+140
0.06435 -2.09193e+140
0.0644 2.69534e+140
0.06445 -3.47279e+140
0.0645 4.47451e+140
0.06455 -5.76516e+140
0.0646 7.4281e+140
0.06465 -9.5707e+140
0.0647 1.23313e+141
0.06475 -1.58882e+141
0.0648 2.04711e+141
0.06485 -2.6376e+141
0.0649 3.3984e+141
0.06495 -4.37865e+141
0.065 5.64166e+141
0.06505 -7.26897e+141
0.0651 9.36567e+141
0.06515 -1.20672e+142
0.0652 1.55479e+142
0.06525 -2.00326e+142
0.0653 2.58109e+142
0.06535 -3.3256e+142
0.0654 4.28485e+142
0.06545 -5.5208e+142
0.0655 7.11325e+142
0.06555 -9.16504e+142
0.0656 1.18087e+143
0.06565 -1.52148e+143
0.0657 1.96035e+143
0.06575 -2.5258e+143
0.0658 3.25436e+143
0.06585 -4.19306e+143
0.0659 5.40253e+143
0.06595 -6.96087e+143
0.066 8.9687e+143
0.06605 -1.15557e+144
0.0661 1.48889e+144
0.06615 -1.91835e+144
0.0662 2.47169e+144
0.06625 -3.18464e+144
0.0663 4.10324e+144
0.06635 -5.2868e+144
0.0664 6.81175e+144
0.06645 -8.77657e+144
0.0665 1.13081e+145
0.06655 -1.45699e+145
0.0666 1.87726e+145
0.06665 -2.41874e+145
0.0667 3.11642e+145
0.06675 -4.01534e+145
0.0668 5.17354e+145
0.06685 -6.66583e+145
0.0669 8.58856e+145
0.06695 -1.10659e+146
0.067 1.42578e+146
0.06705 -1.83704e+146
0.0671 2.36693e+146
0.06715 -3.04966e+146
0.0672 3.92932e+146
0.06725 -5.06271e+146
0.0673 6.52303e+146
0.06735 -8.40457e+146
0.0674 1.08288e+147
0.06745 -1.39524e+147
0.0675 1.79769e+147
0.06755 -2.31622e+147
0.0676 2.98433e+147
0.06765 -3.84514e+147
0.0677 4.95426e+147
0.06775 -6.38329e+147
0.0678 8.22453e+147
0.06785 -1.05969e+148
0.0679 1.36535e+148
0.06795 -1.75918e+148
0.068 2.2666e+148
0.06805 -2.9204e+148
0.0681 3.76277e+148
0.06815 -4.84813e+148
0.0682 6.24655e+148
0.06825 -8.04834e+148
0.0683 1.03699e+149
0.06835 -1.3361e+149
0.0684 1.72149e+149
0.06845 -2.21805e+149
0.0685 2.85783e+149
0.06855 -3.68217e+149
0.0686 4.74427e+149
0.06865 -6.11273e+149
0.0687 7.87593e+149
0.06875 -1.01477e+150
0.0688 1.30748e+150
0.06885 -1.68461e+150
0.0689 2.17053e+150
0.06895 -2.79661e+150
0.069 3.60328e+150
0.06905 -4.64264e+150
0.0691 5.98179e+150
0.06915 -7.70721e+150
0.0692 9.93032e+150
0.06925 -1.27947e+151
0.0693 1.64852e+151
0.06935 -2.12403e+151
0.0694 2.7367e+151
0.06945 -3.52609e+151
0.0695 4.54318e+151
0.06955 -5.85364e+151
0.0696 7.5421e+151
0.06965 -9.71759e+151
0.0697 1.25206e+152
0.06975 -1.61321e+152
0.0698 2.07853e+152
0.06985 -2.67808e+152
0.0699 3.45056e+152
0.06995 -4.44586e+152
0.07 5.72824e+152
0.07005 -7.38053e+152
0.0701 9.50942e+152
0.07015 -1.22524e+153
0.0702 1.57865e+153
0.07025 -2.03401e+153
0.0703 2.62071e+153
0.07035 -3.37664e+153
0.0704 4.35062e+153
0.07045 -5.60553e+153
0.0705 7.22243e+153
0.07055 -9.3057e+153
0.0706 1.19899e+154
0.07065 -1.54483e+154
0.0707 1.99043e+154
0.07075 -2.56457e+154
0.0708 3.3043e+154
0.07085 -4.25742e+154
0.0709 5.48545e+154
0.07095 -7.0677e+154
0.071 9.10635e+154
0.07105 -1.1733e+155
0.0711 1.51174e+155
0.07115 -1.94779e+155
0.0712 2.50963e+155
0.07125 -3.23352e+155
0.0713 4.16621e+155
0.07135 -5.36794e+155
0.0714 6.9163e+155
0.07145 -8.91128e+155
0.0715 1.14817e+156
0.07155 -1.47935e+156
0.0716 1.90607e+156
0.07165 -2.45587e+156
0.0717 3.16425e+156
0.07175 -4.07696e+156
0.0718 5.25295e+156
0.07185 -6.76814e+156
0.0719 8.72038e+156
0.07195 -1.12357e+157
0.072 1.44766e+157
0.07205 -1.86524e+157
0.0721 2.40325e+157
0.07215 -3.09646e+157
0.0722 3.98963e+157
0.07225 -5.14042e+157
0.0723 6.62315e+157
0.07235 -8.53357e+157
0.0724 1.0995e+158
0.07245 -1.41665e+158
0.0725 1.82528e+158
0.07255 -2.35177e+158
0.0726 3.03013e+158
0.07265 -3.90416e+158
0.0727 5.0303e+158
0.07275 -6.48126e+158
0.0728 8.35076e+158
0.07285 -1.07595e+159
0.0729 1.3863e+159
0.07295 -1.78618e+159
0.073 2.30139e+159
0.07305 -2.96522e+159
0.0731 3.82052e+159
0.07315 -4.92254e+159
0.0732 6.34242e+159
0.07325 -8.17187e+159
0.0733 1.0529e+160
0.07335 -1.35661e+160
0.0734 1.74791e+160
0.07345 -2.25209e+160
0.0735 2.9017e+160
0.07355 -3.73868e+160
0.0736 4.81709e+160
0.07365 -6.20655e+160
0.0737 7.99681e+160
0.07375 -1.03035e+161
0.0738 1.32754e+161
0.07385 -1.71047e+161
0.0739 2.20385e+161
0.07395 -2.83954e+161
0.074 3.65859e+161
0.07405 -4.71389e+161
0.0741 6.07359e+161
0.07415 -7.8255e+161
0.0742 1.00827e+162
0.07425 -1.2991e+162
0.0743 1.67383e+162
0.07435 -2.15663e+162
0.0744 2.77871e+162
0.07445 -3.58021e+162
0.0745 4.61291e+162
0.07455 -5.94348e+162
0.0746 7.65786e+162
0.07465 -9.86673e+162
0.0747 1.27128e+163
0.07475 -1.63797e+163
0.0748 2.11043e+163
0.07485 -2.71918e+163
0.0749 3.50352e+163
0.07495 -4.51409e+163
0.075 5.81616e+163
0.07505 -7.49381e+163
0.0751 9.65537e+163
0.07515 -1.24404e+164
0.0752 1.60288e+164
0.07525 -2.06522e+164
0.0753 2.66093e+164
0.07535 -3.42846e+164
0.0754 4.41739e+164
0.07545 -5.69157e+164
0.0755 7.33328e+164
0.07555 -9.44853e+164
0.0756 1.21739e+165
0.07565 -1.56854e+165
0.0757 2.02098e+165
0.07575 -2.60393e+165
0.0758 3.35502e+165
0.07585 -4.32276e+165
0.0759 5.56964e+165
0.07595 -7.17618e+165
0.076 9.24612e+165
0.07605 -1.19131e+166
0.0761 1.53494e+166
0.07615 -1.97769e+166
0.0762 2.54814e+166
0.07625 -3.28315e+166
0.0763 4.23016e+166
0.07635 -5.45033e+166
0.0764 7.02245e+166
0.07645 -9.04805e+166
0.0765 1.16579e+167
0.07655 -1.50206e+167
0.0766 1.93532e+167
0.07665 -2.49356e+167
0.0767 3.21281e+167
0.07675 -4.13954e+167
0.0768 5.33357e+167
0.07685 -6.87201e+167
0.0769 8.85422e+167
0.07695 -1.14082e+168
0.077 1.46988e+168
0.07705 -1.89386e+168
0.0771 2.44014e+168
0.07715 -3.14399e+168
0.0772 4.05086e+168
0.07725 -5.21931e+168
0.0773 6.7248e+168
0.07735 -8.66454e+168
0.0774 1.11638e+169
0.07745 -1.43839e+169
0.0775 1.85329e+169
0.07755 -2.38787e+169
0.0776 3.07664e+169
0.07765 -3.96408e+169
0.0777 5.1075e+169
0.07775 -6.58074e+169
0.0778 8.47893e+169
0.07785 -1.09246e+170
0.0779 1.40758e+170
0.07795 -1.81359e+170
0.078 2.33671e+170
0.07805 -3.01073e+170
0.0781 3.87916e+170
0.07815 -4.99809e+170
0.0782 6.43977e+170
0.07825 -8.29729e+170
0.0783 1.06906e+171
0.07835 -1.37743e+171
0.0784 1.77474e+171
0.07845 -2.28666e+171
0.0785 2.94623e+171
0.07855 -3.79606e+171
0.0786 4.89102e+171
0.07865 -6.30181e+171
0.0787 8.11954e+171
0.07875 -1.04616e+172
0.0788 1.34792e+172
0.07885 -1.73672e+172
0.0789 2.23767e+172
0.07895 -2.88312e+172
0.079 3.71474e+172
0.07905 -4.78624e+172
0.0791 6.16681e+172
0.07915 -7.9456e+172
0.0792 1.02375e+173
0.07925 -1.31904e+173
0.0793 1.69952e+173
0.07935 -2.18973e+173
0.0794 2.82135e+173
0.07945 -3.63516e+173
0.0795 4.68371e+173
0.07955 -6.03471e+173
0.0796 7.77539e+173
0.07965 -1.00182e+174
0.0797 1.29079e+174
0.07975 -1.66311e+174
0.0798 2.14283e+174
0.07985 -2.76091e+174
0.0799 3.55729e+174
0.07995 -4.58337e+174
0.08 5.90543e+174
0.08005 -7.60882e+174
0.0801 9.80356e+174
0.08015 -1.26314e+175
0.0802 1.62748e+175
0.08025 -2.09692e+175
0.0803 2.70177e+175
0.08035 -3.48108e+175
0.0804 4.48519e+175
0.08045 -5.77892e+175
0.0805 7.44583e+175
0.08055 -9.59354e+175
0.0806 1.23608e+176
0.08065 -1.59262e+176
0.0807 2.052e+176
0.08075 -2.64389e+176
0.0808 3.40651e+176
0.08085 -4.3891e+176
0.0809 5.65512e+176
0.08095 -7.28632e+176
0.081 9.38803e+176
0.08105 -1.2096e+177
0.0811 1.5585e+177
0.08115 -2.00804e+177
0.0812 2.58725e+177
0.08125 -3.33354e+177
0.0813 4.29508e+177
0.08135 -5.53398e+177
0.0814 7.13023e+177
0.08145 -9.18692e+177
0.0815 1.18368e+178
0.08155 -1.52511e+178
0.0816 1.96503e+178
0.08165 -2.53183e+178
0.0817 3.26212e+178
0.08175 -4.20307e+178
0.0818 5.41543e+178
0.08185 -6.97748e+178
0.0819 8.99011e+178
0.08195 -1.15833e+179
0.082 1.49244e+179
0.08205 -1.92293e+179
0.0821 2.47759e+179
0.08215 -3.19224e+179
0.0822 4.11303e+179
0.08225 -5.29942e+179
0.0823 6.82801e+179
0.08235 -8.79752e+179
0.0824 1.13351e+180
0.08245 -1.46047e+180
0.0825 1.88174e+180
0.08255 -2.42452e+180
0.0826 3.12386e+180
0.08265 -4.02492e+180
0.0827 5.18589e+180
0.08275 -6.68174e+180
0.0828 8.60906e+180
0.08285 -1.10923e+181
0.0829 1.42918e+181
0.08295 -1.84143e+181
0.083 2.37258e+181
0.08305 -3.05694e+181
0.0831 3.9387e+181
0.08315 -5.0748e+181
0.0832 6.5386e+181
0.08325 -8.42463e+181
0.0833 1.08547e+182
0.08335 -1.39857e+182
0.0834 1.80198e+182
0.08345 -2.32175e+182
0.0835 2.99145e+182
0.08355 -3.85432e+182
0.0836 4.96608e+182
0.08365 -6.39853e+182
0.0837 8.24416e+182
0.08375 -1.06222e+183
0.0838 1.36861e+183
0.08385 -1.76338e+183
0.0839 2.27201e+183
0.08395 -2.92737e+183
0.084 3.77175e+183
0.08405 -4.8597e+183
0.0841 6.26146e+183
0.08415 -8.06755e+183
0.0842 1.03946e+184
0.08425 -1.33929e+184
0.0843 1.7256e+184
0.08435 -2.22334e+184
0.0844 2.86466e+184
0.08445 -3.69095e+184
0.0845 4.75559e+184
0.08455 -6.12733e+184
0.0846 7.89473e+184
0.08465 -1.01719e+185
0.0847 1.3106e+185
0.08475 -1.68863e+185
0.0848 2.17571e+185
0.08485 -2.80329e+185
0.0849 3.61189e+185
0.08495 -4.65372e+185
0.085 5.99606e+185
0.08505 -7.7256e+185
0.0851 9.95402e+185
0.08515 -1.28252e+186
0.0852 1.65246e+186
0.08525 -2.1291e+186
0.0853 2.74324e+186
0.08535 -3.53451e+186
0.0854 4.55403e+186
0.08545 -5.86762e+186
0.0855 7.5601e+186
0.08555 -9.74078e+186
0.0856 1.25505e+187
0.08565 -1.61706e+187
0.0857 2.08349e+187
0.08575 -2.68447e+187
0.0858 3.45879e+187
0.08585 -4.45647e+187
0.0859 5.74192e+187
0.08595 -7.39815e+187
0.086 9.53212e+187
0.08605 -1.22816e+188
0.0861 1.58242e+188
0.08615 -2.03886e+188
0.0862 2.62696e+188
0.08625 -3.3847e+188
0.0863 4.361e+188
0.08635 -5.61891e+188
0.0864 7.23967e+188
0.08645 -9.32792e+188
0.0865 1.20185e+189
0.08655 -1.54852e+189
0.0866 1.99518e+189
0.08665 -2.57069e+189
0.0867 3.31219e+189
0.08675 -4.26758e+189
0.0868 5.49854e+189
0.08685 -7.08458e+189
0.0869 9.12809e+189
0.08695 -1.17611e+190
0.087 1.51535e+190
0.08705 -1.95244e+190
0.0871 2.51562e+190
0.08715 -3.24124e+190
0.0872 4.17616e+190
0.08725 -5.38075e+190
0.0873 6.93281e+190
0.08735 -8.93255e+190
0.0874 1.15091e+191
0.08745 -1.48289e+191
0.0875 1.91062e+191
0.08755 -2.46173e+191
0.0876 3.1718e+191
0.08765 -4.08669e+191
0.0877 5.26548e+191
0.08775 -6.78429e+191
0.0878 8.74119e+191
0.08785 -1.12626e+192
0.0879 1.45112e+192
0.08795 -1.86969e+192
0.088 2.40899e+192
0.08805 -3.10385e+192
0.0881 3.99915e+192
0.08815 -5.15269e+192
0.0882 6.63896e+192
0.08825 -8.55394e+192
0.0883 1.10213e+193
0.08835 -1.42003e+193
0.0884 1.82963e+193
0.08845 -2.35739e+193
0.0885 3.03736e+193
0.08855 -3.91348e+193
0.0886 5.0423e+193
0.08865 -6.49674e+193
0.0887 8.37069e+193
0.08875 -1.07852e+194
0.0888 1.38961e+194
0.08885 -1.79044e+194
0.0889 2.30688e+194
0.08895 -2.9723e+194
0.089 3.82964e+194
0.08905 -4.93429e+194
0.0891 6.35756e+194
0.08915 -8.19137e+194
0.0892 1.05541e+195
0.08925 -1.35984e+195
0.0893 1.75208e+195
0.08935 -2.25747e+195
0.0894 2.90862e+195
0.08945 -3.7476e+195
0.0895 4.82858e+195
0.08955 -6.22137e+195
0.0896 8.0159e+195
0.08965 -1.0328e+196
0.0897 1.33071e+196
0.08975 -1.71455e+196
0.0898 2.20911e+196
0.08985 -2.84631e+196
0.0899 3.66732e+196
0.08995 -4.72514e+196
0.09 6.08809e+196
0.09005 -7.84418e+196
0.0901 1.01068e+197
0.09015 -1.30221e+197
0.0902 1.67782e+197
0.09025 -2.16178e+197
0.0903 2.78534e+197
0.09035 -3.58876e+197
0.0904 4.62392e+197
0.09045 -5.95767e+197
0.0905 7.67614e+197
0.09055 -9.89029e+197
0.0906 1.27431e+198
0.09065 -1.64188e+198
0.0907 2.11547e+198
0.09075 -2.72567e+198
0.0908 3.51188e+198
0.09085 -4.52487e+198
0.0909 5.83004e+198
0.09095 -7.5117e+198
0.091 9.67841e+198
0.09105 -1.24701e+199
0.0911 1.60671e+199
0.09115 -2.07015e+199
0.0912 2.66728e+199
0.09125 -3.43665e+199
0.0913 4.42793e+199
0.09135 -5.70515e+199
0.0914 7.35078e+199
0.09145 -9.47108e+199
0.0915 1.2203e+200
0.09155 -1.57229e+200
0.0916 2.02581e+200
0.09165 -2.61014e+200
0.0917 3.36303e+200
0.09175 -4.33308e+200
0.0918 5.58294e+200
0.09185 -7.19331e+200
0.0919 9.26819e+200
0.09195 -1.19416e+201
0.092 1.53861e+201
0.09205 -1.98241e+201
0.0921 2.55423e+201
0.09215 -3.29098e+201
0.0922 4.24025e+201
0.09225 -5.46334e+201
0.0923 7.03921e+201
0.09235 -9.06964e+201
0.0924 1.16857e+202
0.09245 -1.50564e+202
0.0925 1.93994e+202
0.09255 -2.49951e+202
0.0926 3.22048e+202
0.09265 -4.14942e+202
0.0927 5.3463e+202
0.09275 -6.88842e+202
0.0928 8.87535e+202
0.09285 -1.14354e+203
0.0929 1.47339e+203
0.09295 -1.89838e+203
0.093 2.44596e+203
0.09305 -3.15149e+203
0.0931 4.06053e+203
0.09315 -5.23177e+203
0.0932 6.74085e+203
0.09325 -8.68522e+203
0.0933 1.11904e+204
0.09335 -1.44183e+204
0.0934 1.85772e+204
0.09345 -2.39357e+204
0.0935 3.08398e+204
0.09355 -3.97354e+204
0.0936 5.11969e+204
0.09365 -6.59645e+204
0.0937 8.49916e+204
0.09375 -1.09507e+205
0.0938 1.41094e+205
0.09385 -1.81792e+205
0.0939 2.34229e+205
0.09395 -3.01791e+205
0.094 3.88842e+205
0.09405 -5.01002e+205
0.0941 6.45514e+205
0.09415 -8.31709e+205
0.0942 1.07161e+206
0.09425 -1.38071e+206
0.0943 1.77898e+206
0.09435 -2.29211e+206
0.0944 2.95326e+206
0.09445 -3.80512e+206
0.0945 4.90269e+206
0.09455 -6.31685e+206
0.0946 8.13892e+206
0.09465 -1.04866e+207
0.0947 1.35114e+207
0.09475 -1.74087e+207
0.0948 2.24301e+207
0.09485 -2.89e+207
0.0949 3.72361e+207
0.09495 -4.79767e+207
0.095 6.18153e+207
0.09505 -7.96457e+207
0.0951 1.02619e+208
0.09515 -1.32219e+208
0.0952 1.70357e+208
0.09525 -2.19496e+208
0.0953 2.82809e+208
0.09535 -3.64384e+208
0.0954 4.69489e+208
0.09545 -6.04911e+208
0.0955 7.79395e+208
0.09555 -1.00421e+209
0.0956 1.29387e+209
0.09565 -1.66708e+209
0.0957 2.14794e+209
0.09575 -2.7675e+209
0.0958 3.56578e+209
0.09585 -4.59431e+209
0.0959 5.91952e+209
0.09595 -7.62699e+209
0.096 9.82696e+209
0.09605 -1.26615e+210
0.0961 1.63137e+210
0.09615 -2.10193e+210
0.0962 2.70822e+210
0.09625 -3.48939e+210
0.0963 4.49589e+210
0.09635 -5.79271e+210
0.0964 7.4636e+210
0.09645 -9.61644e+210
0.0965 1.23903e+211
0.09655 -1.59642e+211
0.0966 2.0569e+211
0.09665 -2.6502e+211
0.0967 3.41464e+211
0.09675 -4.39958e+211
0.0968 5.66862e+211
0.09685 -7.30371e+211
0.0969 9.41044e+211
0.09695 -1.21248e+212
0.097 1.56222e+212
0.09705 -2.01284e+212
0.0971 2.59343e+212
0.09715 -3.34149e+212
0.0972 4.30533e+212
0.09725 -5.54719e+212
0.0973 7.14725e+212
0.09735 -9.20884e+212
0.0974 1.18651e+213
0.09745 -1.52875e+213
0.0975 1.96972e+213
0.09755 -2.53787e+213
0.0976 3.26991e+213
0.09765 -4.2131e+213
0.0977 5.42835e+213
0.09775 -6.99414e+213
0.0978 9.01157e+213
0.09785 -1.16109e+214
0.0979 1.496e+214
0.09795 -1.92752e+214
0.098 2.48351e+214
0.09805 -3.19986e+214
0.0981 4.12285e+214
0.09815 -5.31207e+214
0.0982 6.84431e+214
0.09825 -8.81852e+214
0.0983 1.13622e+215
0.09835 -1.46396e+215
0.0984 1.88623e+215
0.09845 -2.4303e+215
0.0985 3.13131e+215
0.09855 -4.03453e+215
0.0986 5.19827e+215
0.09865 -6.69769e+215
0.0987 8.62961e+215
0.09875 -1.11188e+216
0.0988 1.4326e+216
0.09885 -1.84582e+216
0.0989 2.37824e+216
0.09895 -3.06423e+216
0.099 3.9481e+216
0.09905 -5.08691e+216
0.0991 6.55421e+216
0.09915 -8.44474e+216
0.0992 1.08806e+217
0.09925 -1.40191e+217
0.0993 1.80628e+217
0.09935 -2.32729e+217
0.0994 2.99859e+217
0.09945 -3.86352e+217
0.0995 4.97794e+217
0.09955 -6.4138e+217
0.0996 8.26384e+217
0.09965 -1.06475e+218
0.0997 1.37187e+218
0.09975 -1.76758e+218
0.0998 2.27744e+218
0.09985 -2.93435e+218
0.0999 3.78076e+218
0.09995 -4.8713e+218
0.1 6.27641e+218
