0 0
5e-05 20
0.0001 1042.01
0.00015 -1061.58
0.0002 1599.63
0.00025 -1832.02
0.0003 2589.32
0.00035 -3107.35
0.0004 4232.49
0.00045 -5224.5
0.0005 6960.32
0.00055 -8739.16
0.0006 11488.8
0.00065 -14573.8
0.0007 19006.4
0.00075 -24259.9
0.0008 31486.4
0.00085 -40339.7
0.0009 52204.3
0.00095 -67033.6
0.001 86598
0.00105 -111348
0.0011 143695
0.00115 -184914
0.0012 238481
0.00125 -307040
0.0013 395834
0.00135 -509781
0.0014 657055
0.00145 -846350
0.0015 1.09071e+06
0.00155 -1.40509e+06
0.0016 1.81061e+06
0.00165 -2.33264e+06
0.0017 3.00571e+06
0.00175 -3.87246e+06
0.0018 4.98969e+06
0.00185 -6.42871e+06
0.0019 8.28328e+06
0.00195 -1.06723e+07
0.002 1.37509e+07
0.00205 -1.77171e+07
0.0021 2.28278e+07
0.00215 -2.94121e+07
0.0022 3.78961e+07
0.00225 -4.88269e+07
0.0023 6.2911e+07
0.00235 -8.10572e+07
0.0024 1.04438e+08
0.00245 -1.34563e+08
0.0025 1.73377e+08
0.00255 -2.23386e+08
0.0026 2.87821e+08
0.00265 -3.70842e+08
0.0027 4.7781e+08
0.00275 -6.15632e+08
0.0028 7.93209e+08
0.00285 -1.02201e+09
0.0029 1.3168e+09
0.00295 -1.69663e+09
0.003 2.18601e+09
0.00305 -2.81656e+09
0.0031 3.62898e+09
0.00315 -4.67574e+09
0.0032 6.02444e+09
0.00325 -7.76217e+09
0.0033 1.00011e+10
0.00335 -1.28859e+10
0.0034 1.66028e+10
0.00345 -2.13918e+10
0.0035 2.75622e+10
0.00355 -3.55124e+10
0.0036 4.57558e+10
0.00365 -5.89538e+10
0.0037 7.59588e+10
0.00375 -9.78688e+10
0.0038 1.26099e+11
0.00385 -1.62471e+11
0.0039 2.09335e+11
0.00395 -2.69717e+11
0.004 3.47516e+11
0.00405 -4.47756e+11
0.0041 5.76909e+11
0.00415 -7.43316e+11
0.0042 9.57723e+11
0.00425 -1.23397e+12
0.0043 1.58991e+12
0.00435 -2.04851e+12
0.0044 2.63939e+12
0.00445 -3.40072e+12
0.0045 4.38164e+12
0.00455 -5.6455e+12
0.0046 7.27393e+12
0.00465 -9.37206e+12
0.0047 1.20754e+13
0.00475 -1.55585e+13
0.0048 2.00463e+13
0.00485 -2.58285e+13
0.0049 3.32787e+13
0.00495 -4.28777e+13
0.005 5.52457e+13
0.00505 -7.1181e+13
0.0051 9.17129e+13
0.00515 -1.18167e+14
0.0052 1.52252e+14
0.00525 -1.96168e+14
0.0053 2.52752e+14
0.00535 -3.25658e+14
0.0054 4.19592e+14
0.00545 -5.40622e+14
0.0055 6.96562e+14
0.00555 -8.97482e+14
0.0056 1.15636e+15
0.00565 -1.4899e+15
0.0057 1.91966e+15
0.00575 -2.47338e+15
0.0058 3.18681e+15
0.00585 -4.10604e+15
0.0059 5.2904e+15
0.00595 -6.8164e+15
0.006 8.78256e+15
0.00605 -1.13159e+16
0.0061 1.45799e+16
0.00615 -1.87854e+16
0.0062 2.42039e+16
0.00625 -3.11854e+16
0.0063 4.01807e+16
0.00635 -5.17707e+16
0.0064 6.67038e+16
0.00645 -8.59442e+16
0.0065 1.10734e+17
0.00655 -1.42675e+17
0.0066 1.83829e+17
0.00665 -2.36854e+17
0.0067 3.05174e+17
0.00675 -3.932e+17
0.0068 5.06617e+17
0.00685 -6.52748e+17
0.0069 8.41031e+17
0.00695 -1.08362e+18
0.007 1.39619e+18
0.00705 -1.79891e+18
0.0071 2.3178e+18
0.00715 -2.98636e+18
0.0072 3.84777e+18
0.00725 -4.95764e+18
0.0073 6.38765e+18
0.00735 -8.23014e+18
0.0074 1.06041e+19
0.00745 -1.36628e+19
0.0075 1.76038e+19
0.00755 -2.26815e+19
0.0076 2.92239e+19
0.00765 -3.76534e+19
0.0077 4.85143e+19
0.00775 -6.25081e+19
0.0078 8.05383e+19
0.00785 -1.03769e+20
0.0079 1.33701e+20
0.00795 -1.72267e+20
0.008 2.21956e+20
0.00805 -2.85978e+20
0.0081 3.68468e+20
0.00815 -4.74751e+20
0.0082 6.1169e+20
0.00825 -7.8813e+20
0.0083 1.01546e+21
0.00835 -1.30837e+21
0.0084 1.68576e+21
0.00845 -2.17201e+21
0.0085 2.79852e+21
0.00855 -3.60574e+21
0.0086 4.6458e+21
0.00865 -5.98587e+21
0.0087 7.71246e+21
0.00875 -9.93709e+21
0.0088 1.28034e+22
0.00885 -1.64965e+22
0.0089 2.12548e+22
0.00895 -2.73857e+22
0.009 3.5285e+22
0.00905 -4.54628e+22
0.0091 5.85764e+22
0.00915 -7.54725e+22
0.0092 9.72422e+22
0.00925 -1.25291e+23
0.0093 1.61431e+23
0.00935 -2.07995e+23
0.0094 2.6799e+23
0.00945 -3.45291e+23
0.0095 4.44889e+23
0.00955 -5.73215e+23
0.0096 7.38557e+23
0.00965 -9.5159e+23
0.0097 1.22607e+24
0.00975 -1.57973e+24
0.0098 2.03539e+24
0.00985 -2.62249e+24
0.0099 3.37894e+24
0.00995 -4.35358e+24
0.01 5.60936e+24
0.01005 -7.22735e+24
0.0101 9.31205e+24
0.01015 -1.19981e+25
0.0102 1.54589e+25
0.01025 -1.99179e+25
0.0103 2.56631e+25
0.01035 -3.30656e+25
0.0104 4.26032e+25
0.01045 -5.48919e+25
0.0105 7.07253e+25
0.01055 -9.11257e+25
0.0106 1.1741e+26
0.01065 -1.51277e+26
0.0107 1.94912e+26
0.01075 -2.51134e+26
0.0108 3.23572e+26
0.01085 -4.16905e+26
0.0109 5.3716e+26
0.01095 -6.92102e+26
0.011 8.91735e+26
0.01105 -1.14895e+27
0.0111 1.48036e+27
0.01115 -1.90737e+27
0.0112 2.45754e+27
0.01125 -3.16641e+27
0.0113 4.07974e+27
0.01135 -5.25653e+27
0.0114 6.77275e+27
0.01145 -8.72632e+27
0.0115 1.12434e+28
0.01155 -1.44865e+28
0.0116 1.86651e+28
0.01165 -2.40489e+28
0.0117 3.09858e+28
0.01175 -3.99235e+28
0.0118 5.14392e+28
0.01185 -6.62767e+28
0.0119 8.53939e+28
0.01195 -1.10025e+29
0.012 1.41762e+29
0.01205 -1.82652e+29
0.0121 2.35338e+29
0.01215 -3.0322e+29
0.0122 3.90682e+29
0.01225 -5.03373e+29
0.0123 6.48569e+29
0.01235 -8.35645e+29
0.0124 1.07668e+30
0.01245 -1.38725e+30
0.0125 1.78739e+30
0.01255 -2.30296e+30
0.0126 2.96724e+30
0.01265 -3.82313e+30
0.0127 4.92589e+30
0.01275 -6.34675e+30
0.0128 8.17744e+30
0.01285 -1.05362e+31
0.0129 1.35753e+31
0.01295 -1.7491e+31
0.013 2.25363e+31
0.01305 -2.90368e+31
0.0131 3.74123e+31
0.01315 -4.82037e+31
0.0132 6.21079e+31
0.01325 -8.00226e+31
0.0133 1.03105e+32
0.01335 -1.32845e+32
0.0134 1.71164e+32
0.01345 -2.20535e+32
0.0135 2.84147e+32
0.01355 -3.66108e+32
0.0136 4.71711e+32
0.01365 -6.07774e+32
0.0137 7.83083e+32
0.01375 -1.00896e+33
0.0138 1.29999e+33
0.01385 -1.67497e+33
0.0139 2.15811e+33
0.01395 -2.7806e+33
0.014 3.58265e+33
0.01405 -4.61606e+33
0.0141 5.94754e+33
0.01415 -7.66308e+33
0.0142 9.87346e+33
0.01425 -1.27214e+34
0.0143 1.63909e+34
0.01435 -2.11187e+34
0.0144 2.72104e+34
0.01445 -3.50591e+34
0.0145 4.51717e+34
0.01455 -5.82013e+34
0.0146 7.49892e+34
0.01465 -9.66195e+34
0.0147 1.24489e+35
0.01475 -1.60397e+35
0.0148 2.06663e+35
0.01485 -2.66274e+35
0.0149 3.4308e+35
0.01495 -4.4204e+35
0.015 5.69545e+35
0.01505 -7.33828e+35
0.0151 9.45497e+35
0.01515 -1.21822e+36
0.0152 1.56961e+36
0.01525 -2.02236e+36
0.0153 2.6057e+36
0.01535 -3.35731e+36
0.0154 4.32571e+36
0.01545 -5.57344e+36
0.0155 7.18107e+36
0.01555 -9.25243e+36
0.0156 1.19212e+37
0.01565 -1.53599e+37
0.0157 1.97904e+37
0.01575 -2.54988e+37
0.0158 3.28539e+37
0.01585 -4.23304e+37
0.0159 5.45404e+37
0.01595 -7.02724e+37
0.016 9.05422e+37
0.01605 -1.16659e+38
0.0161 1.50308e+38
0.01615 -1.93664e+38
0.0162 2.49526e+38
0.01625 -3.21501e+38
0.0163 4.14236e+38
0.01635 -5.33721e+38
0.0164 6.8767e+38
0.01645 -8.86026e+38
0.0165 1.1416e+39
0.01655 -1.47088e+39
0.0166 1.89515e+39
0.01665 -2.4418e+39
0.0167 3.14613e+39
0.01675 -4.05362e+39
0.0168 5.22287e+39
0.01685 -6.72939e+39
0.0169 8.67045e+39
0.01695 -1.11714e+40
0.017 1.43937e+40
0.01705 -1.85456e+40
0.0171 2.3895e+40
0.01715 -3.07874e+40
0.0172 3.96678e+40
0.01725 -5.11099e+40
0.0173 6.58523e+40
0.01735 -8.48471e+40
0.0174 1.09321e+41
0.01745 -1.40854e+41
0.0175 1.81483e+41
0.01755 -2.33831e+41
0.0176 3.01278e+41
0.01765 -3.88181e+41
0.0177 5.0015e+41
0.01775 -6.44416e+41
0.0178 8.30295e+41
0.01785 -1.06979e+42
0.0179 1.37837e+42
0.01795 -1.77595e+42
0.018 2.28822e+42
0.01805 -2.94824e+42
0.0181 3.79865e+42
0.01815 -4.89435e+42
0.0182 6.30611e+42
0.01825 -8.12508e+42
0.0183 1.04687e+43
0.01835 -1.34884e+43
0.0184 1.73791e+43
0.01845 -2.2392e+43
0.0185 2.88508e+43
0.01855 -3.71727e+43
0.0186 4.78951e+43
0.01865 -6.17102e+43
0.0187 7.95102e+43
0.01875 -1.02445e+44
0.0188 1.31994e+44
0.01885 -1.70068e+44
0.0189 2.19123e+44
0.01895 -2.82328e+44
0.019 3.63764e+44
0.01905 -4.6869e+44
0.0191 6.03882e+44
0.01915 -7.78069e+44
0.0192 1.0025e+45
0.01925 -1.29167e+45
0.0193 1.66424e+45
0.01935 -2.14429e+45
0.0194 2.7628e+45
0.01945 -3.55971e+45
0.0195 4.5865e+45
0.01955 -5.90946e+45
0.0196 7.61401e+45
0.01965 -9.81024e+45
0.0197 1.264e+46
0.01975 -1.62859e+46
0.0198 2.09835e+46
0.01985 -2.70361e+46
0.0199 3.48346e+46
0.01995 -4.48825e+46
0.02 5.78286e+46
0.02005 -7.4509e+46
0.0201 9.60009e+46
0.02015 -1.23692e+47
0.0202 1.5937e+47
0.02025 -2.0534e+47
0.0203 2.64569e+47
0.02035 -3.40883e+47
0.0204 4.3921e+47
0.02045 -5.65898e+47
0.0205 7.29129e+47
0.02055 -9.39443e+47
0.0206 1.21042e+48
0.02065 -1.55956e+48
0.0207 2.00941e+48
0.02075 -2.58902e+48
0.0208 3.33581e+48
0.02085 -4.29801e+48
0.0209 5.53775e+48
0.02095 -7.13509e+48
0.021 9.19318e+48
0.02105 -1.18449e+49
0.0211 1.52615e+49
0.02115 -1.96637e+49
0.0212 2.53356e+49
0.02125 -3.26435e+49
0.0213 4.20594e+49
0.02135 -5.41912e+49
0.0214 6.98224e+49
0.02145 -8.99624e+49
0.0215 1.15912e+50
0.02155 -1.49346e+50
0.0216 1.92424e+50
0.02165 -2.47928e+50
0.0217 3.19442e+50
0.02175 -4.11584e+50
0.0218 5.30303e+50
0.02185 -6.83267e+50
0.0219 8.80352e+50
0.02195 -1.13429e+51
0.022 1.46147e+51
0.02205 -1.88302e+51
0.0221 2.42617e+51
0.02215 -3.12599e+51
0.0222 4.02767e+51
0.02225 -5.18943e+51
0.0223 6.6863e+51
0.02235 -8.61493e+51
0.0224 1.10999e+52
0.02245 -1.43016e+52
0.0225 1.84268e+52
0.02255 -2.3742e+52
0.0226 3.05902e+52
0.02265 -3.94138e+52
0.0227 5.07826e+52
0.02275 -6.54306e+52
0.0228 8.43038e+52
0.02285 -1.08621e+53
0.0229 1.39952e+53
0.02295 -1.80321e+53
0.023 2.32333e+53
0.02305 -2.99349e+53
0.0231 3.85695e+53
0.02315 -4.96947e+53
0.0232 6.4029e+53
0.02325 -8.24978e+53
0.0233 1.06294e+54
0.02335 -1.36954e+54
0.0234 1.76458e+54
0.02345 -2.27356e+54
0.0235 2.92936e+54
0.02355 -3.77433e+54
0.0236 4.86301e+54
0.02365 -6.26573e+54
0.0237 8.07305e+54
0.02375 -1.04017e+55
0.0238 1.3402e+55
0.02385 -1.72678e+55
0.0239 2.22486e+55
0.02395 -2.86661e+55
0.024 3.69347e+55
0.02405 -4.75884e+55
0.0241 6.1315e+55
0.02415 -7.90011e+55
0.0242 1.01789e+56
0.02425 -1.31149e+56
0.0243 1.68979e+56
0.02435 -2.1772e+56
0.0244 2.8052e+56
0.02445 -3.61435e+56
0.0245 4.65689e+56
0.02455 -6.00015e+56
0.0246 7.73087e+56
0.02465 -9.96081e+56
0.0247 1.2834e+57
0.02475 -1.65359e+57
0.0248 2.13056e+57
0.02485 -2.74511e+57
0.0249 3.53692e+57
0.02495 -4.55713e+57
0.025 5.87162e+57
0.02505 -7.56526e+57
0.0251 9.74743e+57
0.02515 -1.2559e+58
0.0252 1.61816e+58
0.02525 -2.08492e+58
0.0253 2.6863e+58
0.02535 -3.46115e+58
0.0254 4.45951e+58
0.02545 -5.74583e+58
0.0255 7.4032e+58
0.02555 -9.53862e+58
0.0256 1.229e+59
0.02565 -1.5835e+59
0.0257 2.04025e+59
0.02575 -2.62875e+59
0.0258 3.38701e+59
0.02585 -4.36398e+59
0.0259 5.62275e+59
0.02595 -7.2446e+59
0.026 9.33428e+59
0.02605 -1.20267e+60
0.0261 1.54958e+60
0.02615 -1.99655e+60
0.0262 2.57244e+60
0.02625 -3.31445e+60
0.0263 4.27049e+60
0.02635 -5.50229e+60
0.0264 7.08941e+60
0.02645 -9.13432e+60
0.0265 1.17691e+61
0.02655 -1.51638e+61
0.0266 1.95377e+61
0.02665 -2.51733e+61
0.0267 3.24345e+61
0.02675 -4.17901e+61
0.0268 5.38442e+61
0.02685 -6.93754e+61
0.0269 8.93864e+61
0.02695 -1.1517e+62
0.027 1.4839e+62
0.02705 -1.91192e+62
0.0271 2.46341e+62
0.02715 -3.17397e+62
0.0272 4.08948e+62
0.02725 -5.26908e+62
0.0273 6.78892e+62
0.02735 -8.74715e+62
0.0274 1.12702e+63
0.02745 -1.45211e+63
0.0275 1.87096e+63
0.02755 -2.41063e+63
0.0276 3.10597e+63
0.02765 -4.00188e+63
0.0277 5.1562e+63
0.02775 -6.64349e+63
0.0278 8.55977e+63
0.02785 -1.10288e+64
0.0279 1.421e+64
0.02795 -1.83088e+64
0.028 2.35899e+64
0.02805 -3.03943e+64
0.0281 3.91615e+64
0.02815 -5.04574e+64
0.0282 6.50117e+64
0.02825 -8.3764e+64
0.0283 1.07925e+65
0.02835 -1.39056e+65
0.0284 1.79166e+65
0.02845 -2.30846e+65
0.0285 2.97432e+65
0.02855 -3.83225e+65
0.0286 4.93765e+65
0.02865 -6.3619e+65
0.0287 8.19696e+65
0.02875 -1.05613e+66
0.0288 1.36077e+66
0.02885 -1.75328e+66
0.0289 2.25901e+66
0.02895 -2.91061e+66
0.029 3.75016e+66
0.02905 -4.83188e+66
0.0291 6.22561e+66
0.02915 -8.02136e+66
0.0292 1.03351e+67
0.02925 -1.33162e+67
0.0293 1.71572e+67
0.02935 -2.21061e+67
0.0294 2.84826e+67
0.02945 -3.66982e+67
0.0295 4.72837e+67
0.02955 -6.09224e+67
0.0296 7.84953e+67
0.02965 -1.01137e+68
0.0297 1.30309e+68
0.02975 -1.67897e+68
0.0298 2.16326e+68
0.02985 -2.78724e+68
0.0299 3.59121e+68
0.02995 -4.62707e+68
0.03 5.96174e+68
0.03005 -7.68137e+68
0.0301 9.89703e+68
0.03015 -1.27518e+69
0.0302 1.643e+69
0.03025 -2.11691e+69
0.0303 2.72753e+69
0.03035 -3.51427e+69
0.0304 4.52795e+69
0.03045 -5.83402e+69
0.0305 7.51682e+69
0.03055 -9.68502e+69
0.0306 1.24786e+70
0.03065 -1.6078e+70
0.0307 2.07157e+70
0.03075 -2.6691e+70
0.0308 3.43899e+70
0.03085 -4.43095e+70
0.0309 5.70904e+70
0.03095 -7.35579e+70
0.031 9.47754e+70
0.03105 -1.22113e+71
0.0311 1.57336e+71
0.03115 -2.02719e+71
0.0312 2.61192e+71
0.03125 -3.36532e+71
0.0313 4.33603e+71
0.03135 -5.58674e+71
0.0314 7.19822e+71
0.03145 -9.27451e+71
0.0315 1.19497e+72
0.03155 -1.53965e+72
0.0316 1.98376e+72
0.03165 -2.55597e+72
0.0317 3.29323e+72
0.03175 -4.24315e+72
0.0318 5.46706e+72
0.03185 -7.04401e+72
0.0319 9.07583e+72
0.03195 -1.16937e+73
0.032 1.50667e+73
0.03205 -1.94126e+73
0.0321 2.50121e+73
0.03215 -3.22268e+73
0.0322 4.15225e+73
0.03225 -5.34995e+73
0.0323 6.89312e+73
0.03235 -8.88141e+73
0.0324 1.14432e+74
0.03245 -1.4744e+74
0.0325 1.89968e+74
0.03255 -2.44763e+74
0.0326 3.15364e+74
0.03265 -4.0633e+74
0.0327 5.23534e+74
0.03275 -6.74545e+74
0.0328 8.69115e+74
0.03285 -1.11981e+75
0.0329 1.44281e+75
0.03295 -1.85898e+75
0.033 2.3952e+75
0.03305 -3.08608e+75
0.0331 3.97625e+75
0.03315 -5.12319e+75
0.0332 6.60095e+75
0.03325 -8.50496e+75
0.0333 1.09582e+76
0.03335 -1.4119e+76
0.0334 1.81916e+76
0.03345 -2.34389e+76
0.0335 3.01997e+76
0.03355 -3.89107e+76
0.0336 5.01344e+76
0.03365 -6.45954e+76
0.0337 8.32277e+76
0.03375 -1.07234e+77
0.0338 1.38166e+77
0.03385 -1.78019e+77
0.0339 2.29368e+77
0.03395 -2.95528e+77
0.034 3.80772e+77
0.03405 -4.90604e+77
0.0341 6.32116e+77
0.03415 -8.14447e+77
0.0342 1.04937e+78
0.03425 -1.35206e+78
0.0343 1.74205e+78
0.03435 -2.24454e+78
0.0344 2.89197e+78
0.03445 -3.72615e+78
0.0345 4.80094e+78
0.03455 -6.18575e+78
0.0346 7.97e+78
0.03465 -1.02689e+79
0.0347 1.32309e+79
0.03475 -1.70473e+79
0.0348 2.19646e+79
0.03485 -2.83002e+79
0.0349 3.64632e+79
0.03495 -4.69809e+79
0.035 6.05324e+79
0.03505 -7.79927e+79
0.0351 1.00489e+80
0.03515 -1.29475e+80
0.0352 1.66822e+80
0.03525 -2.14941e+80
0.0353 2.76939e+80
0.03535 -3.56821e+80
0.0354 4.59745e+80
0.03545 -5.92356e+80
0.0355 7.63219e+80
0.03555 -9.83366e+80
0.0356 1.26701e+81
0.03565 -1.63248e+81
0.0357 2.10336e+81
0.03575 -2.71007e+81
0.0358 3.49177e+81
0.03585 -4.49896e+81
0.0359 5.79667e+81
0.03595 -7.46869e+81
0.036 9.623e+81
0.03605 -1.23987e+82
0.0361 1.59751e+82
0.03615 -2.0583e+82
0.0362 2.65201e+82
0.03625 -3.41697e+82
0.0363 4.40258e+82
0.03635 -5.67249e+82
0.0364 7.30869e+82
0.03645 -9.41686e+82
0.0365 1.21331e+83
0.03655 -1.56329e+83
0.0366 2.01421e+83
0.03665 -2.5952e+83
0.0367 3.34377e+83
0.03675 -4.30827e+83
0.0368 5.55097e+83
0.03685 -7.15213e+83
0.0369 9.21513e+83
0.03695 -1.18732e+84
0.037 1.5298e+84
0.03705 -1.97106e+84
0.0371 2.5396e+84
0.03715 -3.27214e+84
0.0372 4.21598e+84
0.03725 -5.43206e+84
0.0373 6.99891e+84
0.03735 -9.01772e+84
0.0374 1.16188e+85
0.03745 -1.49702e+85
0.0375 1.92883e+85
0.03755 -2.4852e+85
0.0376 3.20204e+85
0.03765 -4.12566e+85
0.0377 5.31569e+85
0.03775 -6.84898e+85
0.0378 8.82454e+85
0.03785 -1.13699e+86
0.0379 1.46495e+86
0.03795 -1.88751e+86
0.038 2.43196e+86
0.03805 -3.13345e+86
0.0381 4.03728e+86
0.03815 -5.20182e+86
0.0382 6.70226e+86
0.03825 -8.6355e+86
0.0383 1.11264e+87
0.03835 -1.43357e+87
0.0384 1.84708e+87
0.03845 -2.37986e+87
0.0385 3.06632e+87
0.03855 -3.95079e+87
0.0386 5.09038e+87
0.03865 -6.55868e+87
0.0387 8.4505e+87
0.03875 -1.0888e+88
0.0388 1.40286e+88
0.03885 -1.80751e+88
0.0389 2.32888e+88
0.03895 -3.00064e+88
0.039 3.86616e+88
0.03905 -4.98133e+88
0.0391 6.41818e+88
0.03915 -8.26948e+88
0.0392 1.06548e+89
0.03925 -1.37281e+89
0.0393 1.76879e+89
0.03935 -2.27899e+89
0.0394 2.93636e+89
0.03945 -3.78334e+89
0.0395 4.87462e+89
0.03955 -6.28069e+89
0.0396 8.09232e+89
0.03965 -1.04265e+90
0.0397 1.3434e+90
0.03975 -1.7309e+90
0.0398 2.23017e+90
0.03985 -2.87345e+90
0.0399 3.70229e+90
0.03995 -4.7702e+90
0.04 6.14614e+90
0.04005 -7.91897e+90
0.0401 1.02032e+91
0.04015 -1.31462e+91
0.0402 1.69382e+91
0.04025 -2.18239e+91
0.0403 2.8119e+91
0.04035 -3.62298e+91
0.0404 4.66801e+91
0.04045 -6.01448e+91
0.0405 7.74933e+91
0.04055 -9.98459e+91
0.0406 1.28646e+92
0.04065 -1.65753e+92
0.0407 2.13564e+92
0.04075 -2.75166e+92
0.0408 3.54536e+92
0.04085 -4.56801e+92
0.0409 5.88563e+92
0.04095 -7.58332e+92
0.041 9.7707e+92
0.04105 -1.2589e+93
0.0411 1.62203e+93
0.04115 -2.08989e+93
0.0412 2.69271e+93
0.04125 -3.46941e+93
0.0413 4.47015e+93
0.04135 -5.75955e+93
0.0414 7.42087e+93
0.04145 -9.56139e+93
0.0415 1.23193e+94
0.04155 -1.58728e+94
0.0416 2.04512e+94
0.04165 -2.63503e+94
0.0417 3.39509e+94
0.04175 -4.37439e+94
0.0418 5.63617e+94
0.04185 -7.2619e+94
0.0419 9.35656e+94
0.04195 -1.20554e+95
0.042 1.55328e+95
0.04205 -2.00131e+95
0.0421 2.57858e+95
0.04215 -3.32236e+95
0.0422 4.28068e+95
0.04225 -5.51543e+95
0.0423 7.10633e+95
0.04235 -9.15612e+95
0.0424 1.17972e+96
0.04245 -1.52e+96
0.0425 1.95844e+96
0.04255 -2.52334e+96
0.0426 3.25119e+96
0.04265 -4.18898e+96
0.0427 5.39727e+96
0.04275 -6.9541e+96
0.0428 8.95998e+96
0.04285 -1.15444e+97
0.0429 1.48744e+97
0.04295 -1.91648e+97
0.043 2.46929e+97
0.04305 -3.18154e+97
0.0431 4.09924e+97
0.04315 -5.28165e+97
0.0432 6.80512e+97
0.04325 -8.76803e+97
0.0433 1.12971e+98
0.04335 -1.45557e+98
0.0434 1.87543e+98
0.04345 -2.41639e+98
0.0435 3.11339e+98
0.04355 -4.01143e+98
0.0436 5.16851e+98
0.04365 -6.65934e+98
0.0437 8.5802e+98
0.04375 -1.10551e+99
0.0438 1.42439e+99
0.04385 -1.83525e+99
0.0439 2.36462e+99
0.04395 -3.04669e+99
0.044 3.92549e+99
0.04405 -5.05779e+99
0.0441 6.51668e+99
0.04415 -8.3964e+99
0.0442 1.08183e+100
0.04425 -1.39388e+100
0.0443 1.79594e+100
0.04435 -2.31397e+100
0.0444 2.98142e+100
0.04445 -3.8414e+100
0.0445 4.94944e+100
0.04455 -6.37708e+100
0.0446 8.21653e+100
0.04465 -1.05865e+101
0.0447 1.36402e+101
0.04475 -1.75746e+101
0.0448 2.2644e+101
0.04485 -2.91755e+101
0.0449 3.75911e+101
0.04495 -4.84341e+101
0.045 6.24047e+101
0.04505 -8.04051e+101
0.0451 1.03598e+102
0.04515 -1.3348e+102
0.0452 1.71982e+102
0.04525 -2.21589e+102
0.0453 2.85505e+102
0.04535 -3.67858e+102
0.0454 4.73965e+102
0.04545 -6.10679e+102
0.0455 7.86826e+102
0.04555 -1.01378e+103
0.0456 1.3062e+103
0.04565 -1.68297e+103
0.0457 2.16842e+103
0.04575 -2.79389e+103
0.0458 3.59978e+103
0.04585 -4.63812e+103
0.0459 5.97597e+103
0.04595 -7.69971e+103
0.046 9.92066e+103
0.04605 -1.27822e+104
0.0461 1.64692e+104
0.04615 -2.12197e+104
0.0462 2.73404e+104
0.04625 -3.52266e+104
0.0463 4.53876e+104
0.04635 -5.84795e+104
0.0464 7.53476e+104
0.04645 -9.70813e+104
0.0465 1.25084e+105
0.04655 -1.61164e+105
0.0466 2.07651e+105
0.04665 -2.67547e+105
0.0467 3.4472e+105
0.04675 -4.44153e+105
0.0468 5.72267e+105
0.04685 -7.37335e+105
0.0469 9.50016e+105
0.04695 -1.22404e+106
0.047 1.57712e+106
0.04705 -2.03203e+106
0.0471 2.61816e+106
0.04715 -3.37335e+106
0.0472 4.34638e+106
0.04725 -5.60008e+106
0.0473 7.2154e+106
0.04735 -9.29665e+106
0.0474 1.19782e+107
0.04745 -1.54333e+107
0.0475 1.9885e+107
0.04755 -2.56207e+107
0.0476 3.30109e+107
0.04765 -4.25327e+107
0.0477 5.48011e+107
0.04775 -7.06083e+107
0.0478 9.09749e+107
0.04785 -1.17216e+108
0.0479 1.51027e+108
0.04795 -1.9459e+108
0.048 2.50718e+108
0.04805 -3.23037e+108
0.0481 4.16216e+108
0.04815 -5.36272e+108
0.0482 6.90957e+108
0.04825 -8.9026e+108
0.0483 1.14705e+109
0.04835 -1.47791e+109
0.0484 1.90421e+109
0.04845 -2.45348e+109
0.0485 3.16117e+109
0.04855 -4.073e+109
0.0486 5.24783e+109
0.04865 -6.76155e+109
0.0487 8.71189e+109
0.04875 -1.12248e+110
0.0488 1.44625e+110
0.04885 -1.86342e+110
0.0489 2.40092e+110
0.04895 -3.09345e+110
0.049 3.98574e+110
0.04905 -5.13541e+110
0.0491 6.6167e+110
0.04915 -8.52526e+110
0.0492 1.09843e+111
0.04925 -1.41527e+111
0.0493 1.8235e+111
0.04935 -2.34948e+111
0.0494 3.02718e+111
0.04945 -3.90036e+111
0.0495 5.0254e+111
0.04955 -6.47496e+111
0.0496 8.34263e+111
0.04965 -1.0749e+112
0.0497 1.38495e+112
0.04975 -1.78444e+112
0.0498 2.29915e+112
0.04985 -2.96233e+112
0.0499 3.81681e+112
0.04995 -4.91775e+112
0.05 6.33625e+112
0.05005 -8.16391e+112
0.0501 1.05188e+113
0.05015 -1.35529e+113
0.0502 1.74621e+113
0.05025 -2.2499e+113
0.0503 2.89887e+113
0.05035 -3.73504e+113
0.0504 4.8124e+113
0.05045 -6.20051e+113
0.0505 7.98903e+113
0.05055 -1.02934e+114
0.0506 1.32625e+114
0.05065 -1.7088e+114
0.0507 2.2017e+114
0.05075 -2.83677e+114
0.0508 3.65503e+114
0.05085 -4.70931e+114
0.0509 6.06768e+114
0.05095 -7.81788e+114
0.051 1.00729e+115
0.05105 -1.29784e+115
0.0511 1.6722e+115
0.05115 -2.15454e+115
0.0512 2.776e+115
0.05125 -3.57673e+115
0.0513 4.60842e+115
0.05135 -5.9377e+115
0.0514 7.65041e+115
0.05145 -9.85713e+115
0.0515 1.27004e+116
0.05155 -1.63638e+116
0.0516 2.10838e+116
0.05165 -2.71653e+116
0.0517 3.50011e+116
0.05175 -4.5097e+116
0.0518 5.8105e+116
0.05185 -7.48652e+116
0.0519 9.64597e+116
0.05195 -1.24283e+117
0.052 1.60132e+117
0.05205 -2.06321e+117
0.0521 2.65834e+117
0.05215 -3.42513e+117
0.0522 4.41309e+117
0.05225 -5.68603e+117
0.0523 7.32614e+117
0.05235 -9.43933e+117
0.0524 1.21621e+118
0.05245 -1.56702e+118
0.0525 2.01902e+118
0.05255 -2.60139e+118
0.0526 3.35175e+118
0.05265 -4.31855e+118
0.0527 5.56422e+118
0.05275 -7.1692e+118
0.0528 9.23712e+118
0.05285 -1.19015e+119
0.0529 1.53345e+119
0.05295 -1.97576e+119
0.053 2.54567e+119
0.05305 -3.27995e+119
0.0531 4.22604e+119
0.05315 -5.44502e+119
0.0532 7.01562e+119
0.05325 -9.03924e+119
0.0533 1.16466e+120
0.05335 -1.5006e+120
0.0534 1.93344e+120
0.05345 -2.49113e+120
0.0535 3.20969e+120
0.05355 -4.13551e+120
0.0536 5.32838e+120
0.05365 -6.86533e+120
0.0537 8.8456e+120
0.05375 -1.13971e+121
0.0538 1.46845e+121
0.05385 -1.89202e+121
0.0539 2.43777e+121
0.05395 -3.14093e+121
0.054 4.04692e+121
0.05405 -5.21423e+121
0.0541 6.71826e+121
0.05415 -8.65611e+121
0.0542 1.11529e+122
0.05425 -1.43699e+122
0.0543 1.85149e+122
0.05435 -2.38554e+122
0.0544 3.07364e+122
0.05445 -3.96022e+122
0.0545 5.10253e+122
0.05455 -6.57434e+122
0.0546 8.47068e+122
0.05465 -1.0914e+123
0.0547 1.40621e+123
0.05475 -1.81183e+123
0.0548 2.33444e+123
0.05485 -3.0078e+123
0.0549 3.87539e+123
0.05495 -4.99322e+123
0.055 6.4335e+123
0.05505 -8.28921e+123
0.0551 1.06802e+124
0.05515 -1.37609e+124
0.0552 1.77301e+124
0.05525 -2.28443e+124
0.0553 2.94336e+124
0.05535 -3.79237e+124
0.0554 4.88626e+124
0.05545 -6.29568e+124
0.0555 8.11164e+124
0.05555 -1.04514e+125
0.0556 1.34661e+125
0.05565 -1.73503e+125
0.0557 2.23549e+125
0.05575 -2.88031e+125
0.0558 3.71113e+125
0.05585 -4.78158e+125
0.0559 6.16081e+125
0.05595 -7.93787e+125
0.056 1.02275e+126
0.05605 -1.31776e+126
0.0561 1.69786e+126
0.05615 -2.1876e+126
0.0562 2.81861e+126
0.05625 -3.63162e+126
0.0563 4.67915e+126
0.05635 -6.02883e+126
0.0564 7.76782e+126
0.05645 -1.00084e+127
0.0565 1.28953e+127
0.05655 -1.66149e+127
0.0566 2.14074e+127
0.05665 -2.75823e+127
0.0567 3.55383e+127
0.05675 -4.57891e+127
0.0568 5.89968e+127
0.05685 -7.60142e+127
0.0569 9.79402e+127
0.05695 -1.26191e+128
0.057 1.6259e+128
0.05705 -2.09488e+128
0.0571 2.69914e+128
0.05715 -3.4777e+128
0.0572 4.48082e+128
0.05725 -5.7733e+128
0.0573 7.43858e+128
0.05735 -9.58421e+128
0.0574 1.23487e+129
0.05745 -1.59107e+129
0.0575 2.05e+129
0.05755 -2.64132e+129
0.0576 3.4032e+129
0.05765 -4.38483e+129
0.0577 5.64962e+129
0.05775 -7.27923e+129
0.0578 9.37889e+129
0.05785 -1.20842e+130
0.0579 1.55698e+130
0.05795 -2.00609e+130
0.058 2.58474e+130
0.05805 -3.33029e+130
0.0581 4.2909e+130
0.05815 -5.52859e+130
0.0582 7.12329e+130
0.05825 -9.17798e+130
0.0583 1.18253e+131
0.05835 -1.52363e+131
0.0584 1.96311e+131
0.05845 -2.52937e+131
0.0585 3.25895e+131
0.05855 -4.19898e+131
0.0586 5.41016e+131
0.05865 -6.9707e+131
0.0587 8.98136e+131
0.05875 -1.1572e+132
0.0588 1.49099e+132
0.05885 -1.92106e+132
0.0589 2.47518e+132
0.05895 -3.18914e+132
0.059 4.10903e+132
0.05905 -5.29426e+132
0.0591 6.82137e+132
0.05915 -8.78896e+132
0.0592 1.13241e+133
0.05925 -1.45905e+133
0.0593 1.87991e+133
0.05935 -2.42216e+133
0.0594 3.12082e+133
0.05945 -4.021e+133
0.0595 5.18085e+133
0.05955 -6.67524e+133
0.0596 8.60068e+133
0.05965 -1.10815e+134
0.0597 1.42779e+134
0.05975 -1.83963e+134
0.0598 2.37027e+134
0.05985 -3.05396e+134
0.0599 3.93486e+134
0.05995 -5.06986e+134
0.06 6.53224e+134
0.06005 -8.41644e+134
0.0601 1.08441e+135
0.06015 -1.39721e+135
0.0602 1.80022e+135
0.06025 -2.31949e+135
0.0603 2.98854e+135
0.06035 -3.85057e+135
0.0604 4.96125e+135
0.06045 -6.3923e+135
0.0605 8.23614e+135
0.06055 -1.06118e+136
0.0606 1.36728e+136
0.06065 -1.76166e+136
0.0607 2.2698e+136
0.06075 -2.92452e+136
0.0608 3.76808e+136
0.06085 -4.85497e+136
0.0609 6.25537e+136
0.06095 -8.0597e+136
0.061 1.03845e+137
0.06105 -1.33799e+137
0.0611 1.72392e+137
0.06115 -2.22118e+137
0.0612 2.86187e+137
0.06125 -3.68736e+137
0.0613 4.75097e+137
0.06135 -6.12136e+137
0.0614 7.88704e+137
0.06145 -1.0162e+138
0.0615 1.30932e+138
0.06155 -1.68699e+138
0.0616 2.1736e+138
0.06165 -2.80056e+138
0.0617 3.60837e+138
0.06175 -4.64919e+138
0.0618 5.99023e+138
0.06185 -7.71809e+138
0.0619 9.94434e+138
0.06195 -1.28127e+139
0.062 1.65085e+139
0.06205 -2.12703e+139
0.0621 2.74057e+139
0.06215 -3.53107e+139
0.0622 4.54959e+139
0.06225 -5.86191e+139
0.0623 7.55275e+139
0.06235 -9.73131e+139
0.0624 1.25383e+140
0.06245 -1.61549e+140
0.0625 2.08147e+140
0.06255 -2.68186e+140
0.0626 3.45543e+140
0.06265 -4.45213e+140
0.0627 5.73633e+140
0.06275 -7.39095e+140
0.0628 9.52284e+140
0.06285 -1.22697e+141
0.0629 1.58088e+141
0.06295 -2.03688e+141
0.063 2.62441e+141
0.06305 -3.38141e+141
0.0631 4.35676e+141
0.06315 -5.61345e+141
0.0632 7.23262e+141
0.06325 -9.31884e+141
0.0633 1.20068e+142
0.06335 -1.54701e+142
0.0634 1.99324e+142
0.06345 -2.56819e+142
0.0635 3.30897e+142
0.06355 -4.26343e+142
0.0636 5.49319e+142
0.06365 -7.07768e+142
0.0637 9.11921e+142
0.06375 -1.17496e+143
0.0638 1.51387e+143
0.06385 -1.95054e+143
0.0639 2.51317e+143
0.06395 -3.23808e+143
0.064 4.17209e+143
0.06405 -5.37552e+143
0.0641 6.92606e+143
0.06415 -8.92386e+143
0.0642 1.14979e+144
0.06425 -1.48144e+144
0.0643 1.90876e+144
0.06435 -2.45933e+144
0.0644 3.16872e+144
0.06445 -4.08272e+144
0.0645 5.26036e+144
0.06455 -6.77769e+144
0.0646 8.73269e+144
0.06465 -1.12516e+145
0.0647 1.44971e+145
0.06475 -1.86787e+145
0.0648 2.40665e+145
0.06485 -3.10083e+145
0.0649 3.99526e+145
0.06495 -5.14767e+145
0.065 6.6325e+145
0.06505 -8.54561e+145
0.0651 1.10106e+146
0.06515 -1.41865e+146
0.0652 1.82785e+146
0.06525 -2.35509e+146
0.0653 3.03441e+146
0.06535 -3.90967e+146
0.0654 5.0374e+146
0.06545 -6.49041e+146
0.0655 8.36255e+146
0.06555 -1.07747e+147
0.0656 1.38826e+147
0.06565 -1.7887e+147
0.0657 2.30464e+147
0.06575 -2.9694e+147
0.0658 3.82592e+147
0.06585 -4.92949e+147
0.0659 6.35137e+147
0.06595 -8.1834e+147
0.066 1.05439e+148
0.06605 -1.35852e+148
0.0661 1.75038e+148
0.06615 -2.25527e+148
0.0662 2.90579e+148
0.06625 -3.74396e+148
0.0663 4.82388e+148
0.06635 -6.21531e+148
0.0664 8.0081e+148
0.06645 -1.0318e+149
0.0665 1.32942e+149
0.06655 -1.71288e+149
0.0666 2.20696e+149
0.06665 -2.84354e+149
0.0667 3.66375e+149
0.06675 -4.72055e+149
0.0668 6.08217e+149
0.06685 -7.83654e+149
0.0669 1.0097e+150
0.06695 -1.30094e+150
0.067 1.67619e+150
0.06705 -2.15968e+150
0.0671 2.78263e+150
0.06715 -3.58527e+150
0.0672 4.61942e+150
0.06725 -5.95187e+150
0.0673 7.66867e+150
0.06735 -9.88066e+150
0.0674 1.27307e+151
0.06745 -1.64028e+151
0.0675 2.11341e+151
0.06755 -2.72302e+151
0.0676 3.50846e+151
0.06765 -4.52046e+151
0.0677 5.82437e+151
0.06775 -7.50439e+151
0.0678 9.669e+151
0.06785 -1.2458e+152
0.0679 1.60514e+152
0.06795 -2.06814e+152
0.068 2.66469e+152
0.06805 -3.4333e+152
0.0681 4.42362e+152
0.06815 -5.6996e+152
0.0682 7.34363e+152
0.06825 -9.46186e+152
0.0683 1.21911e+153
0.06835 -1.57076e+153
0.0684 2.02384e+153
0.06845 -2.6076e+153
0.0685 3.35975e+153
0.06855 -4.32886e+153
0.0686 5.5775e+153
0.06865 -7.18631e+153
0.0687 9.25917e+153
0.06875 -1.19299e+154
0.0688 1.53711e+154
0.06885 -1.98048e+154
0.0689 2.55174e+154
0.06895 -3.28778e+154
0.069 4.23613e+154
0.06905 -5.45802e+154
0.0691 7.03236e+154
0.06915 -9.06082e+154
0.0692 1.16744e+155
0.06925 -1.50418e+155
0.0693 1.93805e+155
0.06935 -2.49708e+155
0.0694 3.21735e+155
0.06945 -4.14538e+155
0.0695 5.3411e+155
0.06955 -6.88171e+155
0.0696 8.86672e+155
0.06965 -1.14243e+156
0.0697 1.47196e+156
0.06975 -1.89654e+156
0.0698 2.44358e+156
0.06985 -3.14843e+156
0.0699 4.05658e+156
0.06995 -5.22668e+156
0.07 6.73429e+156
0.07005 -8.67677e+156
0.0701 1.11795e+157
0.07015 -1.44042e+157
0.0702 1.85591e+157
0.07025 -2.39124e+157
0.0703 3.08098e+157
0.07035 -3.96968e+157
0.0704 5.11471e+157
0.07045 -6.59003e+157
0.0705 8.49089e+157
0.07055 -1.09401e+158
0.0706 1.40957e+158
0.07065 -1.81615e+158
0.0707 2.34001e+158
0.07075 -3.01498e+158
0.0708 3.88464e+158
0.07085 -5.00514e+158
0.0709 6.44886e+158
0.07095 -8.309e+158
0.071 1.07057e+159
0.07105 -1.37937e+159
0.0711 1.77724e+159
0.07115 -2.28988e+159
0.0712 2.95039e+159
0.07125 -3.80142e+159
0.0713 4.89792e+159
0.07135 -6.31071e+159
0.0714 8.131e+159
0.07145 -1.04764e+160
0.0715 1.34982e+160
0.07155 -1.73917e+160
0.0716 2.24083e+160
0.07165 -2.88719e+160
0.0717 3.71998e+160
0.07175 -4.793e+160
0.0718 6.17552e+160
0.07185 -7.95682e+160
0.0719 1.02519e+161
0.07195 -1.32091e+161
0.072 1.70192e+161
0.07205 -2.19283e+161
0.0721 2.82534e+161
0.07215 -3.64029e+161
0.0722 4.69032e+161
0.07225 -6.04322e+161
0.0723 7.78637e+161
0.07235 -1.00323e+162
0.0724 1.29261e+162
0.07245 -1.66546e+162
0.0725 2.14585e+162
0.07255 -2.76481e+162
0.0726 3.56231e+162
0.07265 -4.58984e+162
0.0727 5.91376e+162
0.07275 -7.61956e+162
0.0728 9.8174e+162
0.07285 -1.26492e+163
0.0729 1.62978e+163
0.07295 -2.09988e+163
0.073 2.70558e+163
0.07305 -3.486e+163
0.0731 4.49152e+163
0.07315 -5.78708e+163
0.0732 7.45634e+163
0.07325 -9.60709e+163
0.0733 1.23782e+164
0.07335 -1.59487e+164
0.0734 2.0549e+164
0.07345 -2.64762e+164
0.0735 3.41132e+164
0.07355 -4.3953e+164
0.0736 5.66311e+164
0.07365 -7.29661e+164
0.0737 9.40128e+164
0.07375 -1.2113e+165
0.0738 1.5607e+165
0.07385 -2.01088e+165
0.0739 2.59091e+165
0.07395 -3.33824e+165
0.074 4.30114e+165
0.07405 -5.54179e+165
0.0741 7.1403e+165
0.07415 -9.19988e+165
0.0742 1.18536e+166
0.07425 -1.52727e+166
0.0743 1.9678e+166
0.07435 -2.5354e+166
0.0744 3.26673e+166
0.07445 -4.209e+166
0.0745 5.42307e+166
0.07455 -6.98733e+166
0.0746 9.0028e+166
0.07465 -1.15996e+167
0.0747 1.49455e+167
0.07475 -1.92564e+167
0.0748 2.48109e+167
0.07485 -3.19675e+167
0.0749 4.11884e+167
0.07495 -5.3069e+167
0.075 6.83765e+167
0.07505 -8.80994e+167
0.0751 1.13511e+168
0.07515 -1.46253e+168
0.0752 1.88439e+168
0.07525 -2.42794e+168
0.0753 3.12827e+168
0.07535 -4.0306e+168
0.0754 5.19321e+168
0.07545 -6.69117e+168
0.0755 8.62121e+168
0.07555 -1.1108e+169
0.0756 1.4312e+169
0.07565 -1.84402e+169
0.0757 2.37593e+169
0.07575 -3.06125e+169
0.0758 3.94426e+169
0.07585 -5.08196e+169
0.0759 6.54783e+169
0.07595 -8.43653e+169
0.076 1.087e+170
0.07605 -1.40054e+170
0.0761 1.80452e+170
0.07615 -2.32503e+170
0.0762 2.99567e+170
0.07625 -3.85976e+170
0.0763 4.97309e+170
0.07635 -6.40756e+170
0.0764 8.2558e+170
0.07645 -1.06371e+171
0.0765 1.37054e+171
0.07655 -1.76586e+171
0.0766 2.27522e+171
0.07665 -2.9315e+171
0.0767 3.77708e+171
0.07675 -4.86656e+171
0.0768 6.2703e+171
0.07685 -8.07894e+171
0.0769 1.04093e+172
0.07695 -1.34118e+172
0.077 1.72804e+172
0.07705 -2.22648e+172
0.0771 2.8687e+172
0.07715 -3.69616e+172
0.0772 4.76231e+172
0.07725 -6.13597e+172
0.0773 7.90587e+172
0.07735 -1.01863e+173
0.0774 1.31245e+173
0.07745 -1.69102e+173
0.0775 2.17878e+173
0.07755 -2.80725e+173
0.0776 3.61698e+173
0.07765 -4.66029e+173
0.0777 6.00453e+173
0.07775 -7.73651e+173
0.0778 9.96807e+173
0.07785 -1.28433e+174
0.0779 1.65479e+174
0.07795 -2.13211e+174
0.078 2.74711e+174
0.07805 -3.5395e+174
0.0781 4.56045e+174
0.07815 -5.8759e+174
0.0782 7.57078e+174
0.07825 -9.75453e+174
0.0783 1.25682e+175
0.07835 -1.61934e+175
0.0784 2.08644e+175
0.07845 -2.68826e+175
0.0785 3.46368e+175
0.07855 -4.46276e+175
0.0786 5.75002e+175
0.07865 -7.40859e+175
0.0787 9.54557e+175
0.07875 -1.2299e+176
0.0788 1.58465e+176
0.07885 -2.04174e+176
0.0789 2.63067e+176
0.07895 -3.38948e+176
0.079 4.36716e+176
0.07905 -5.62684e+176
0.0791 7.24988e+176
0.07915 -9.34108e+176
0.0792 1.20355e+177
0.07925 -1.55071e+177
0.0793 1.998e+177
0.07935 -2.57432e+177
0.0794 3.31687e+177
0.07945 -4.2736e+177
0.0795 5.50631e+177
0.07955 -7.09458e+177
0.0796 9.14098e+177
0.07965 -1.17777e+178
0.0797 1.51749e+178
0.07975 -1.9552e+178
0.0798 2.51917e+178
0.07985 -3.24581e+178
0.0799 4.18205e+178
0.07995 -5.38835e+178
0.08 6.94259e+178
0.08005 -8.94516e+178
0.0801 1.15253e+179
0.08015 -1.48498e+179
0.0802 1.91331e+179
0.08025 -2.4652e+179
0.0803 3.17628e+179
0.08035 -4.09246e+179
0.0804 5.27292e+179
0.08045 -6.79387e+179
0.0805 8.75353e+179
0.08055 -1.12784e+180
0.0806 1.45317e+180
0.08065 -1.87233e+180
0.0807 2.41239e+180
0.08075 -3.10824e+180
0.0808 4.00479e+180
0.08085 -5.15996e+180
0.0809 6.64833e+180
0.08095 -8.56601e+180
0.081 1.10368e+181
0.08105 -1.42204e+181
0.0811 1.83222e+181
0.08115 -2.36071e+181
0.0812 3.04165e+181
0.08125 -3.919e+181
0.0813 5.04942e+181
0.08135 -6.50591e+181
0.0814 8.38251e+181
0.08145 -1.08004e+182
0.0815 1.39157e+182
0.08155 -1.79297e+182
0.0816 2.31014e+182
0.08165 -2.97649e+182
0.0817 3.83505e+182
0.08175 -4.94125e+182
0.0818 6.36654e+182
0.08185 -8.20294e+182
0.0819 1.0569e+183
0.08195 -1.36176e+183
0.082 1.75456e+183
0.08205 -2.26065e+183
0.0821 2.91273e+183
0.08215 -3.75289e+183
0.0822 4.8354e+183
0.08225 -6.23015e+183
0.0823 8.02721e+183
0.08235 -1.03426e+184
0.0824 1.33259e+184
0.08245 -1.71697e+184
0.0825 2.21222e+184
0.08255 -2.85033e+184
0.0826 3.6725e+184
0.08265 -4.73181e+184
0.0827 6.09669e+184
0.08275 -7.85525e+184
0.0828 1.01211e+185
0.08285 -1.30404e+185
0.0829 1.68019e+185
0.08295 -2.16483e+185
0.083 2.78927e+185
0.08305 -3.59382e+185
0.0831 4.63045e+185
0.08315 -5.96608e+185
0.0832 7.68697e+185
0.08325 -9.90425e+185
0.0833 1.27611e+186
0.08335 -1.6442e+186
0.0834 2.11846e+186
0.08345 -2.72952e+186
0.0835 3.51684e+186
0.08355 -4.53125e+186
0.0836 5.83827e+186
0.08365 -7.5223e+186
0.0837 9.69208e+186
0.08375 -1.24877e+187
0.0838 1.60897e+187
0.08385 -2.07308e+187
0.0839 2.67105e+187
0.08395 -3.4415e+187
0.084 4.43418e+187
0.08405 -5.71321e+187
0.0841 7.36116e+187
0.08415 -9.48445e+187
0.0842 1.22202e+188
0.08425 -1.57451e+188
0.0843 2.02867e+188
0.08435 -2.61383e+188
0.0844 3.36777e+188
0.08445 -4.33919e+188
0.0845 5.59082e+188
0.08455 -7.20346e+188
0.0846 9.28127e+188
0.08465 -1.19584e+189
0.0847 1.54078e+189
0.08475 -1.98521e+189
0.0848 2.55783e+189
0.08485 -3.29563e+189
0.0849 4.24624e+189
0.08495 -5.47105e+189
0.085 7.04915e+189
0.08505 -9.08245e+189
0.0851 1.17022e+190
0.08515 -1.50777e+190
0.0852 1.94268e+190
0.08525 -2.50304e+190
0.0853 3.22503e+190
0.08535 -4.15527e+190
0.0854 5.35385e+190
0.08545 -6.89814e+190
0.0855 8.88788e+190
0.08555 -1.14516e+191
0.0856 1.47547e+191
0.08565 -1.90106e+191
0.0857 2.44942e+191
0.08575 -3.15594e+191
0.0858 4.06626e+191
0.08585 -5.23915e+191
0.0859 6.75037e+191
0.08595 -8.69748e+191
0.086 1.12062e+192
0.08605 -1.44386e+192
0.0861 1.86034e+192
0.08615 -2.39695e+192
0.0862 3.08833e+192
0.08625 -3.97915e+192
0.0863 5.12692e+192
0.08635 -6.60576e+192
0.0864 8.51116e+192
0.08645 -1.09662e+193
0.0865 1.41293e+193
0.08655 -1.82049e+193
0.0866 2.3456e+193
0.08665 -3.02217e+193
0.0867 3.89391e+193
0.08675 -5.01709e+193
0.0868 6.46425e+193
0.08685 -8.32883e+193
0.0869 1.07313e+194
0.08695 -1.38266e+194
0.087 1.78149e+194
0.08705 -2.29535e+194
0.0871 2.95743e+194
0.08715 -3.81049e+194
0.0872 4.90961e+194
0.08725 -6.32577e+194
0.0873 8.15041e+194
0.08735 -1.05014e+195
0.0874 1.35304e+195
0.08745 -1.74332e+195
0.0875 2.24618e+195
0.08755 -2.89408e+195
0.0876 3.72886e+195
0.08765 -4.80444e+195
0.0877 6.19026e+195
0.08775 -7.97581e+195
0.0878 1.02764e+196
0.08785 -1.32406e+196
0.0879 1.70598e+196
0.08795 -2.19806e+196
0.088 2.83208e+196
0.08805 -3.64898e+196
0.0881 4.70152e+196
0.08815 -6.05765e+196
0.0882 7.80495e+196
0.08825 -1.00563e+197
0.0883 1.29569e+197
0.08835 -1.66943e+197
0.0884 2.15097e+197
0.08845 -2.77141e+197
0.0885 3.57081e+197
0.08855 -4.6008e+197
0.0886 5.92788e+197
0.08865 -7.63775e+197
0.0887 9.84083e+197
0.08875 -1.26794e+198
0.0888 1.63367e+198
0.08885 -2.10489e+198
0.0889 2.71204e+198
0.08895 -3.49432e+198
0.089 4.50224e+198
0.08905 -5.80089e+198
0.0891 7.47413e+198
0.08915 -9.63002e+198
0.0892 1.24078e+199
0.08925 -1.59867e+199
0.0893 2.0598e+199
0.08935 -2.65394e+199
0.0894 3.41946e+199
0.08945 -4.40579e+199
0.0895 5.67662e+199
0.08955 -7.31402e+199
0.0896 9.42372e+199
0.08965 -1.2142e+200
0.0897 1.56442e+200
0.08975 -2.01568e+200
0.0898 2.59709e+200
0.08985 -3.34621e+200
0.0899 4.31141e+200
0.08995 -5.55502e+200
0.09 7.15734e+200
0.09005 -9.22184e+200
0.0901 1.18818e+201
0.09015 -1.53091e+201
0.0902 1.9725e+201
0.09025 -2.54145e+201
0.0903 3.27453e+201
0.09035 -4.21905e+201
0.0904 5.43602e+201
0.09045 -7.00401e+201
0.0905 9.02429e+201
0.09055 -1.16273e+202
0.0906 1.49812e+202
0.09065 -1.93024e+202
0.0907 2.48701e+202
0.09075 -3.20438e+202
0.0908 4.12867e+202
0.09085 -5.31957e+202
0.0909 6.85397e+202
0.09095 -8.83097e+202
0.091 1.13782e+203
0.09105 -1.46602e+203
0.0911 1.88889e+203
0.09115 -2.43373e+203
0.0912 3.13573e+203
0.09125 -4.04022e+203
0.0913 5.20561e+203
0.09135 -6.70714e+203
0.0914 8.64179e+203
0.09145 -1.11345e+204
0.0915 1.43462e+204
0.09155 -1.84843e+204
0.0916 2.3816e+204
0.09165 -3.06856e+204
0.0917 3.95367e+204
0.09175 -5.09409e+204
0.0918 6.56346e+204
0.09185 -8.45666e+204
0.0919 1.0896e+205
0.09195 -1.40388e+205
0.092 1.80883e+205
0.09205 -2.33058e+205
0.0921 3.00282e+205
0.09215 -3.86898e+205
0.0922 4.98497e+205
0.09225 -6.42286e+205
0.0923 8.2755e+205
0.09235 -1.06625e+206
0.0924 1.37381e+206
0.09245 -1.77008e+206
0.0925 2.28065e+206
0.09255 -2.9385e+206
0.0926 3.78609e+206
0.09265 -4.87818e+206
0.0927 6.28527e+206
0.09275 -8.09822e+206
0.0928 1.04341e+207
0.09285 -1.34438e+207
0.0929 1.73216e+207
0.09295 -2.2318e+207
0.093 2.87555e+207
0.09305 -3.70499e+207
0.0931 4.77367e+207
0.09315 -6.15062e+207
0.0932 7.92474e+207
0.09325 -1.02106e+208
0.0933 1.31558e+208
0.09335 -1.69505e+208
0.0934 2.18399e+208
0.09345 -2.81395e+208
0.0935 3.62562e+208
0.09355 -4.67141e+208
0.0936 6.01886e+208
0.09365 -7.75498e+208
0.0937 9.99187e+208
0.09375 -1.2874e+209
0.0938 1.65874e+209
0.09385 -2.1372e+209
0.0939 2.75367e+209
0.09395 -3.54795e+209
0.094 4.57134e+209
0.09405 -5.88992e+209
0.0941 7.58885e+209
0.09415 -9.77782e+209
0.0942 1.25982e+210
0.09425 -1.62321e+210
0.0943 2.09142e+210
0.09435 -2.69468e+210
0.0944 3.47194e+210
0.09445 -4.47341e+210
0.0945 5.76375e+210
0.09455 -7.42628e+210
0.0946 9.56836e+210
0.09465 -1.23283e+211
0.0947 1.58844e+211
0.09475 -2.04661e+211
0.0948 2.63695e+211
0.09485 -3.39757e+211
0.0949 4.37758e+211
0.09495 -5.64028e+211
0.095 7.26719e+211
0.09505 -9.36338e+211
0.0951 1.20642e+212
0.09515 -1.55441e+212
0.0952 2.00277e+212
0.09525 -2.58046e+212
0.0953 3.32478e+212
0.09535 -4.2838e+212
0.0954 5.51945e+212
0.09545 -7.11151e+212
0.0955 9.1628e+212
0.09555 -1.18058e+213
0.0956 1.52111e+213
0.09565 -1.95987e+213
0.0957 2.52518e+213
0.09575 -3.25356e+213
0.0958 4.19203e+213
0.09585 -5.40121e+213
0.0959 6.95917e+213
0.09595 -8.96651e+213
0.096 1.15529e+214
0.09605 -1.48852e+214
0.0961 1.91788e+214
0.09615 -2.47109e+214
0.0962 3.18386e+214
0.09625 -4.10223e+214
0.0963 5.2855e+214
0.09635 -6.81008e+214
0.0964 8.77443e+214
0.09645 -1.13054e+215
0.0965 1.45664e+215
0.09655 -1.8768e+215
0.0966 2.41815e+215
0.09665 -3.11566e+215
0.0967 4.01435e+215
0.09675 -5.17228e+215
0.0968 6.6642e+215
0.09685 -8.58646e+215
0.0969 1.10632e+216
0.09695 -1.42543e+216
0.097 1.83659e+216
0.09705 -2.36635e+216
0.0971 3.04891e+216
0.09715 -3.92836e+216
0.0972 5.06147e+216
0.09725 -6.52144e+216
0.0973 8.40252e+216
0.09735 -1.08262e+217
0.0974 1.3949e+217
0.09745 -1.79725e+217
0.0975 2.31566e+217
0.09755 -2.9836e+217
0.0976 3.8442e+217
0.09765 -4.95305e+217
0.0977 6.38173e+217
0.09775 -8.22252e+217
0.0978 1.05943e+218
0.09785 -1.36501e+218
0.0979 1.75875e+218
0.09795 -2.26605e+218
0.098 2.91968e+218
0.09805 -3.76185e+218
0.0981 4.84694e+218
0.09815 -6.24502e+218
0.0982 8.04637e+218
0.09825 -1.03673e+219
0.0983 1.33577e+219
0.09835 -1.72107e+219
0.0984 2.21751e+219
0.09845 -2.85714e+219
0.0985 3.68126e+219
0.09855 -4.74311e+219
0.0986 6.11124e+219
0.09865 -7.874e+219
0.0987 1.01452e+220
0.09875 -1.30716e+220
0.0988 1.6842e+220
0.09885 -2.17e+220
0.0989 2.79593e+220
0.09895 -3.6024e+220
0.099 4.6415e+220
0.09905 -5.98032e+220
0.0991 7.70532e+220
0.09915 -9.92789e+220
0.0992 1.27915e+221
0.09925 -1.64812e+221
0.0993 2.12351e+221
0.09935 -2.73603e+221
0.0994 3.52523e+221
0.09945 -4.54207e+221
0.0995 5.85221e+221
0.09955 -7.54026e+221
0.0996 9.71521e+221
0.09965 -1.25175e+222
0.0997 1.61281e+222
0.09975 -2.07802e+222
0.0998 2.67742e+222
0.09985 -3.44971e+222
0.0999 4.44477e+222
0.09995 -5.72684e+222
0.1 7.37873e+222
